-6.615858736699553599e-01
9.115697057976590578e-01
7.557946405742832496e-01
3.131392510666715645e-01
3.644413588536454807e-02
-5.562899063592883220e-01
-3.969474696184925877e-01
-5.818115808631710850e-01
6.383146227085856328e-01
3.188398492270973494e-01
5.071657510533200686e-01
-1.294540005987617204e-01
2.532034982584585592e-02
9.486398814304934923e-01
1.274826613003280928e-01
-6.057135972445937266e-01
-8.654102373188468089e-01
-6.861051110491884764e-01
2.748979537496236136e-01
2.705662485891845992e-01
-1.175167908833159025e-01
-7.210040328965319212e-01
-3.587335323856009062e-01
2.397604851351875510e-03
2.684344779138035375e-01
3.782915569435077452e-01
1.735524261429178261e-01
-1.194823297923537919e-01
-1.507966543799373338e-01
-1.037774701233439290e-01
3.169927658572065376e-01
3.402331442941493589e-01
-1.541510354138742045e-02
1.073401172393825820e-01
6.056815201708318774e-01
4.099303862138855004e-01
1.460297908071941930e-01
-1.079082868313523957e-01
