-5.202892484336065770e-01
-3.860104741721319677e-01
-1.913345517783331395e-01
-2.051814260153936864e-01
-3.521640958457159520e-01
-2.074304284720587255e-01
-7.146555801917786610e-02
-1.132770242362188817e-01
3.629335699410272120e-01
1.447386083931756495e-01
-2.464011373191046239e-01
1.088072595925164698e-01
-4.848200699378724110e-02
1.558157739968133448e-01
-1.974912347464727880e-01
-5.748337712781381725e-03
3.122979197008657337e-03
-2.074850263266729833e-01
1.792972663353209484e-02
-1.604974927573370458e-01
-1.376264753012823583e-01
8.866756537864928234e-02
1.265127001137567042e-01
3.010889826149774073e-01
7.753794768760924327e-02
7.320150671334100245e-01
2.581819830269647120e-01
3.206567106575799464e-01
3.528756437630486964e-01
6.322964964241815089e-01
6.024803457588983058e-01
5.435427961678338526e-01
6.020566759438348292e-01
6.296023664803338526e-01
8.659221468300652980e-01
9.336320696205926417e-01
6.677290735573602198e-01
9.191726980538201808e-01
