-2.853322522393604288e-01
-1.009202496758838663e-01
-1.938043133965869913e-01
-2.528996960870166788e-01
-2.197518841973682413e-01
3.967041804872550870e-02
-5.106978580869636630e-02
-5.609374210752449130e-02
5.717705036030196197e-03
1.574082210145988370e-02
-2.106614606133838663e-01
-1.089768903008838663e-01
-7.319884464658699130e-02
1.669068172060050870e-02
-8.999495670713386630e-02
1.559137804754833212e-01
2.298712237127880087e-01
-5.598120853818855380e-02
1.850647761903800870e-02
7.547135188661613370e-02
-1.141120647563553803e-03
1.759104235418895712e-01
8.602280452333488370e-02
1.975664599188426962e-01
1.896032793768505087e-01
7.634873225770988370e-02
8.593506648622550870e-02
1.604151232489208212e-01
1.704420550116161337e-01
1.508154375799755087e-01
1.706366045721630087e-01
1.834310992010692587e-01
2.957186205633739462e-01
3.867086870916942587e-01
3.626989825018505087e-01
3.870825274237255087e-01
2.015146715887645712e-01
2.899641497381786337e-01
