-2.828272446467230972e-01
-1.794137726946423428e-01
-8.893067595598599939e-02
-1.067454140110562222e-01
-1.850051825964202645e-01
-1.675396110339711087e-01
-6.619491882361472346e-02
-6.173761767384905452e-02
1.445901149785767115e-01
4.430606879554688238e-02
-8.499508308606842921e-02
3.662475116811692022e-02
-3.378518379963935114e-02
1.330017402049153974e-01
-9.035470542547605066e-02
-2.807995882866282100e-02
-5.410124443210662104e-02
-9.173531663653752832e-02
2.744989387951790594e-02
-2.771382612225908870e-02
-8.049102075273817380e-03
8.772214109959702855e-02
1.277808349481473482e-01
2.231761388433495252e-01
9.448160149417816900e-02
2.458768932050714451e-01
8.023570768795906805e-02
1.342833664170156038e-01
1.776796051202962912e-01
2.650520298221459292e-01
3.355885748342921637e-01
3.209633195053785970e-01
3.670668730414161640e-01
4.116158539331207233e-01
6.509399511442830466e-01
5.795104495462030103e-01
4.779077210675924947e-01
4.803487265384445148e-01
