-4.511794386238885401e-01
-3.606654939980340480e-01
-1.763171491951776026e-01
-1.797951994271111964e-01
-3.370184240670037745e-01
-2.771772680611443995e-01
-1.398169336647820948e-01
-1.338713744591002452e-02
3.196929158835577489e-01
3.604537865211243641e-02
-2.553624449105096339e-01
1.850850006629700673e-02
-4.406469443748717296e-02
2.475803556113409520e-01
-2.021910486550164698e-01
2.331430336524720204e-02
-2.180382547707391261e-01
-1.961907682747674464e-01
-3.471105674217467296e-02
1.738650223304505360e-02
-9.943955520103697765e-02
6.379682442237610829e-02
3.348820867209600927e-01
2.236996354727911474e-01
7.261974236060853016e-02
5.474191369681524755e-01
1.859381856589483739e-01
3.382487954764532567e-01
5.562225045828985692e-01
7.744677724509405614e-01
6.352382363944220067e-01
4.624865712790655614e-01
4.833155336051153661e-01
7.310908498435186864e-01
9.678126039176153661e-01
8.059676351218389989e-01
5.824070634513067724e-01
8.164137067465948583e-01
