-2.076518617827325386e-01
-9.652782308644347609e-02
-1.516940675932794136e-01
-2.346770845610528511e-01
-1.872832857329278511e-01
6.195949685984558641e-02
-1.021602235991387886e-01
-3.609920370167785109e-02
-1.479030477589660109e-02
-5.021739828175597609e-02
-1.945998750883966011e-01
-1.396625124174981636e-01
-7.916713583058410109e-02
2.979410105652391394e-05
-6.000591146534972609e-02
2.404549039643377739e-01
1.229336179535955864e-01
-7.089115011281066359e-02
-6.966360684099726086e-03
9.102558267527527391e-02
1.929973733836121141e-02
1.464016355317205864e-01
1.489117063325018364e-01
1.754124082367987114e-01
1.575272001069158989e-01
4.112934244090027391e-02
1.005165494721502739e-01
1.822712339203924614e-01
1.445209897797674614e-01
1.224033750336737114e-01
1.989872373383612114e-01
1.875755704682440239e-01
2.971203244965643364e-01
4.978268064301580864e-01
3.535473264496893364e-01
3.482162870209783989e-01
2.215912259858221489e-01
2.670757688325018364e-01
