-9.233265087522291026e-02
2.625987957263815176e+00
1.787703464771139394e+00
1.182135055805074941e+00
1.482259224201071035e+00
-5.865099923364045509e-01
3.152584536322233788e-01
-1.054018308376443613e+00
1.522461841846334707e+00
1.005887459064352285e+00
6.914791567572233788e-01
1.886291339479662099e-02
1.377898166919576894e+00
2.227270077014791738e+00
1.543334911609518301e+00
-1.730409194683206309e+00
-1.470497419094217051e+00
-1.614752938007486094e+00
-8.461366193047883399e-01
3.771135313757536522e-01
-1.150181462024820078e+00
-1.242088486408365000e+00
-6.406224267236115821e-01
-1.343801428531778086e+00
-8.308990494958283790e-01
-1.326251523248078712e-01
-7.148428456536652931e-01
-1.086841870998513926e+00
-1.621092368816507090e+00
-1.056207706188333262e+00
-8.816736237756135353e-01
-6.678267018548371681e-01
-1.586069156383645762e+00
-8.706958787194611915e-01
-6.964259640923859962e-01
-4.931619660607697853e-01
-1.011473705028665293e+00
-1.088647414898050059e+00
