6.903565999999999292e+01
6.882031000000000631e+01
6.952607999999999322e+01
6.931011999999999773e+01
6.909413999999999589e+01
6.887815000000000509e+01
6.866214999999999691e+01
6.844613999999999976e+01
6.958357999999999777e+01
6.936696999999999491e+01
6.915036000000000627e+01
6.893374000000000024e+01
7.696187000000000467e+01
6.985598000000000241e+01
6.963875000000000171e+01
6.942152000000000100e+01
6.920427999999999713e+01
6.898705999999999960e+01
7.725863999999999976e+01
7.704652000000000100e+01
7.683396000000000470e+01
7.662096999999999980e+01
6.990940999999999406e+01
6.969155999999999551e+01
6.947372000000000014e+01
6.925589999999999691e+01
6.903808999999999685e+01
6.882031000000000631e+01
7.755428000000000566e+01
7.734118999999999744e+01
7.712767999999999802e+01
7.691374999999999318e+01
7.669944999999999879e+01
7.648478000000000065e+01
7.017889999999999873e+01
6.996044000000000551e+01
6.974200000000000443e+01
6.952357999999999549e+01
6.930518999999999608e+01
6.908682000000000301e+01
6.886849999999999739e+01
6.865022000000000446e+01
7.784869999999999379e+01
7.763463000000000136e+01
7.742014000000000351e+01
7.720526999999999873e+01
7.699002000000000123e+01
7.677443999999999846e+01
7.655853999999999360e+01
7.634233999999999298e+01
7.022808999999999457e+01
7.000905000000000200e+01
6.979004000000000474e+01
6.957106000000000279e+01
6.935213000000000250e+01
6.913322999999999752e+01
6.891438999999999737e+01
6.869558999999999571e+01
7.835640999999999678e+01
7.814177999999999713e+01
7.792672000000000310e+01
7.771125000000000682e+01
7.749541000000000679e+01
7.727921999999999514e+01
7.706270999999999560e+01
7.684590000000000032e+01
7.662879999999999825e+01
7.641143999999999892e+01
7.049442999999999415e+01
7.027481000000000222e+01
7.005522000000000560e+01
6.983566999999999325e+01
6.961615999999999360e+01
6.939669999999999561e+01
6.917730000000000246e+01
6.895795999999999992e+01
6.873866999999999905e+01
7.864906999999999471e+01
7.843340999999999497e+01
7.821733999999999298e+01
7.800087999999999511e+01
7.778406999999999982e+01
7.756692999999999927e+01
7.734947999999999979e+01
7.713174999999999670e+01
7.691374999999999318e+01
7.669550999999999874e+01
7.647704000000000235e+01
7.625836999999999932e+01
7.053919999999999391e+01
7.031904000000000110e+01
7.009892999999999574e+01
6.987886000000000308e+01
6.965885000000000105e+01
6.943890000000000384e+01
6.921902000000000044e+01
6.899920000000000186e+01
6.877944999999999709e+01
6.855978000000000350e+01
7.915645000000000664e+01
7.894016000000000588e+01
7.872346000000000288e+01
7.850636000000000081e+01
7.828891000000000133e+01
7.807111999999999341e+01
7.785302000000000078e+01
7.763463000000000136e+01
7.741598000000000468e+01
7.719707999999999970e+01
7.697795000000000698e+01
7.675861999999999341e+01
7.653909000000000162e+01
7.631937999999999533e+01
7.609951999999999828e+01
7.058144000000000062e+01
7.036077000000000226e+01
7.014015999999999451e+01
6.991961000000000581e+01
6.969911999999999352e+01
6.947870000000000346e+01
6.925835999999999615e+01
6.903808999999999685e+01
6.881790999999999769e+01
6.859780999999999551e+01
6.837779999999999347e+01
7.944689999999999941e+01
7.922952999999999690e+01
7.901176999999999850e+01
7.879364999999999952e+01
7.857519000000000631e+01
7.835640999999999678e+01
7.813734999999999786e+01
7.791801999999999850e+01
7.769844999999999402e+01
7.747863999999999862e+01
7.725863999999999976e+01
7.703843999999999426e+01
7.681806000000000267e+01
7.659753000000000611e+01
7.637685000000000457e+01
7.615603000000000122e+01
7.593510000000000559e+01
7.062112999999999374e+01
7.039997999999999934e+01
7.017889999999999873e+01
6.995789000000000613e+01
6.973694999999999311e+01
6.951609000000000549e+01
6.929532000000000380e+01
6.907462999999999909e+01
6.885402999999999452e+01
6.863352999999999327e+01
7.973547999999999547e+01
7.951703000000000543e+01
7.929820999999999742e+01
7.907904999999999518e+01
7.885957000000000505e+01
7.863980999999999710e+01
7.841978000000000293e+01
7.819951000000000363e+01
7.797902000000000555e+01
7.775831999999999766e+01
7.753743000000000052e+01
7.731637000000000626e+01
7.709515000000000384e+01
7.687378999999999962e+01
7.665230999999999995e+01
7.643070000000000164e+01
7.620900000000000318e+01
7.598720000000000141e+01
7.576532000000000266e+01
7.554336999999999591e+01
7.065824999999999534e+01
7.043665000000000020e+01
7.021513000000000204e+01
6.999369000000000085e+01
6.977232999999999663e+01
6.955106000000000677e+01
6.932988000000000284e+01
6.910878999999999905e+01
6.888781000000000176e+01
8.024117999999999995e+01
8.002200999999999453e+01
7.980245999999999640e+01
7.958257999999999299e+01
7.936238000000000170e+01
7.914189000000000362e+01
7.892114999999999725e+01
7.870015999999999678e+01
7.847894999999999754e+01
7.825754000000000588e+01
7.803594999999999970e+01
7.781417999999999324e+01
7.759226999999999919e+01
7.737022000000000332e+01
7.714804999999999779e+01
7.692575999999999681e+01
7.670337999999999568e+01
7.648090999999999440e+01
7.625836999999999932e+01
7.603575999999999624e+01
7.581309000000000253e+01
7.559036999999999296e+01
7.536762000000000228e+01
7.514482999999999890e+01
7.492203000000000657e+01
7.469920999999999367e+01
7.447638000000000602e+01
7.091490000000000293e+01
7.069279000000000224e+01
7.047077000000000169e+01
7.024884000000000128e+01
7.002698999999999785e+01
6.980523999999999774e+01
6.958357999999999777e+01
6.936202000000000112e+01
6.914056999999999675e+01
6.891921999999999571e+01
8.030629000000000417e+01
8.008565000000000111e+01
7.986468999999999596e+01
7.964346000000000458e+01
7.942197000000000173e+01
7.920023999999999376e+01
7.897830000000000439e+01
7.875615999999999417e+01
7.853383999999999787e+01
7.831135999999999342e+01
7.808874000000000137e+01
7.786598999999999648e+01
7.764311999999999614e+01
7.742014000000000351e+01
7.719707999999999970e+01
7.697392999999999574e+01
7.675070999999999799e+01
7.652742999999999540e+01
7.630410000000000537e+01
7.608073000000000263e+01
7.585733000000000459e+01
7.563389999999999702e+01
7.541046000000000049e+01
7.518699999999999761e+01
7.496353999999999473e+01
7.474008999999999503e+01
7.451663999999999533e+01
7.429321000000000197e+01
7.406981000000000392e+01
7.339978000000000691e+01
7.094723999999999364e+01
7.072472999999999388e+01
7.050231999999999744e+01
7.028000000000000114e+01
7.005778999999999712e+01
6.983566999999999325e+01
6.961365000000000691e+01
6.939175000000000182e+01
6.916995000000000005e+01
6.894826999999999373e+01
6.872669999999999391e+01
8.014435000000000286e+01
7.969959000000000060e+01
7.947688999999999737e+01
7.925400999999999385e+01
7.903095000000000425e+01
7.880773999999999546e+01
7.858440000000000225e+01
7.836092999999999620e+01
7.813734999999999786e+01
7.791367999999999938e+01
7.768992000000000075e+01
7.746608999999999412e+01
7.724218999999999369e+01
7.701824000000000581e+01
7.679425000000000523e+01
7.657022000000000617e+01
7.634617000000000075e+01
7.612210000000000321e+01
7.589800999999999931e+01
7.567391999999999541e+01
7.544983999999999469e+01
7.522575999999999397e+01
7.500169999999999959e+01
7.477765999999999735e+01
7.455365000000000464e+01
7.432966999999999302e+01
7.410572000000000514e+01
7.388182000000000471e+01
7.365797000000000594e+01
7.343416999999999462e+01
7.321041999999999916e+01
7.298673999999999751e+01
7.142297000000000651e+01
7.119989999999999952e+01
7.097693999999999903e+01
7.075405999999999551e+01
7.053128999999999849e+01
7.030862000000000478e+01
7.008606000000000336e+01
6.986360999999999422e+01
6.964126000000000261e+01
6.941903000000000645e+01
6.919692000000000576e+01
6.897493000000000052e+01
6.875306000000000495e+01
6.853131000000000483e+01
8.019803000000000281e+01
7.997454999999999359e+01
7.975090000000000146e+01
7.952707999999999799e+01
7.930312999999999590e+01
7.907904999999999518e+01
7.885484999999999900e+01
7.863056000000000267e+01
7.840618000000000620e+01
7.818171999999999855e+01
7.795720000000000027e+01
7.773261999999999716e+01
7.750799999999999557e+01
7.728334999999999866e+01
7.705866000000000327e+01
7.683396000000000470e+01
7.660923999999999978e+01
7.638452999999999804e+01
7.615980999999999312e+01
7.593510000000000559e+01
7.571040999999999599e+01
7.548574000000000694e+01
7.526108999999999583e+01
7.503647999999999740e+01
7.481189999999999429e+01
7.458737000000000705e+01
7.436288000000000409e+01
7.413845000000000596e+01
7.391406999999999528e+01
7.368975000000000364e+01
7.346550000000000580e+01
7.324130999999999858e+01
7.301718999999999937e+01
7.279314999999999714e+01
7.256919999999999504e+01
7.234532000000000096e+01
7.212153000000000702e+01
7.145069999999999766e+01
7.122728999999999644e+01
7.100397999999999854e+01
7.078077000000000396e+01
7.055767000000000166e+01
7.033468000000000586e+01
7.011180000000000234e+01
6.988903999999999428e+01
6.966639999999999588e+01
6.944387000000000398e+01
6.922146999999999650e+01
6.899920000000000186e+01
6.877705000000000268e+01
6.855503000000000213e+01
8.047102999999999895e+01
8.002200999999999453e+01
7.979729000000000383e+01
7.957246000000000663e+01
7.934753000000000611e+01
7.912251999999999441e+01
7.889741999999999678e+01
7.867225999999999431e+01
7.844705000000000439e+01
7.822180000000000177e+01
7.799649999999999750e+01
7.777119000000000426e+01
7.754585000000000150e+01
7.732049999999999557e+01
7.709515000000000384e+01
7.686979999999999791e+01
7.664446999999999832e+01
7.641913999999999874e+01
7.619383999999999446e+01
7.596856999999999971e+01
7.574333000000000027e+01
7.551812999999999931e+01
7.529296999999999684e+01
7.506785000000000707e+01
7.484278999999999371e+01
7.461778999999999940e+01
7.439284000000000674e+01
7.416795999999999367e+01
7.394315000000000282e+01
7.371841000000000577e+01
7.349374000000000251e+01
7.326915999999999940e+01
7.304465999999999326e+01
7.282023999999999830e+01
7.259591000000000349e+01
7.237166999999999462e+01
7.214753000000000327e+01
7.192349000000000103e+01
7.169953999999999894e+01
7.147571000000000652e+01
7.125197000000000003e+01
7.102835000000000321e+01
7.080483999999999867e+01
7.058144000000000062e+01
7.035815999999999804e+01
7.013500000000000512e+01
6.991195999999999344e+01
6.968904999999999461e+01
6.946626000000000545e+01
6.924360000000000070e+01
6.902106999999999459e+01
6.879867000000000132e+01
6.857640999999999565e+01
6.835429000000000599e+01
6.813230000000000075e+01
8.051546000000000447e+01
8.028996999999999673e+01
8.006439000000000306e+01
7.983871999999999503e+01
7.961297000000000423e+01
7.938716999999999757e+01
7.916131000000000029e+01
7.893541000000000452e+01
7.870946999999999605e+01
7.848350999999999544e+01
7.825754000000000588e+01
7.803155999999999892e+01
7.780557000000000301e+01
7.757958999999999605e+01
7.735362999999999545e+01
7.712767999999999802e+01
7.690175000000000693e+01
7.667584999999999695e+01
7.644998999999999967e+01
7.622417000000000087e+01
7.599839000000000055e+01
7.577266000000000190e+01
7.554698000000000491e+01
7.532135999999999854e+01
7.509579999999999700e+01
7.487030000000000030e+01
7.464488000000000056e+01
7.441952000000000567e+01
7.419423999999999353e+01
7.396904999999999575e+01
7.374393000000000598e+01
7.351890000000000214e+01
7.329395999999999844e+01
7.306910999999999490e+01
7.284435000000000571e+01
7.261969000000000563e+01
7.239512999999999465e+01
7.217068000000000438e+01
7.194633000000000322e+01
7.172208999999999435e+01
7.149796000000000618e+01
7.127393999999999608e+01
7.105003999999999564e+01
7.082626000000000488e+01
7.060259999999999536e+01
7.037905999999999551e+01
7.015564000000000533e+01
6.993236000000000274e+01
6.970919999999999561e+01
6.948618000000000450e+01
6.881790999999999769e+01
6.859542999999999324e+01
6.837309000000000481e+01
6.815089999999999293e+01
6.792884999999999707e+01
8.055450000000000443e+01
8.032809000000000310e+01
8.010161999999999694e+01
7.987510000000000332e+01
7.964855000000000018e+01
7.942197000000000173e+01
7.919535999999999376e+01
7.896875000000000000e+01
7.874213000000000306e+01
7.851551000000000613e+01
7.828891000000000133e+01
7.806230999999999653e+01
7.783574000000000126e+01
7.760920000000000130e+01
7.738267999999999347e+01
7.715621000000000151e+01
7.692977000000000487e+01
7.670337999999999568e+01
7.647704000000000235e+01
7.625075999999999965e+01
7.602452999999999861e+01
7.579837000000000558e+01
7.557228000000000634e+01
7.534624999999999773e+01
7.512030000000000030e+01
7.489441999999999666e+01
7.466862000000000421e+01
7.444290999999999769e+01
7.421728000000000236e+01
7.399173999999999296e+01
7.376628999999999792e+01
7.354094000000000619e+01
7.331568000000000040e+01
7.309053000000000111e+01
7.286548000000000513e+01
7.264052999999999827e+01
7.241568999999999789e+01
7.219096000000000402e+01
7.196634000000000242e+01
7.174183999999999628e+01
7.151745999999999981e+01
7.129318999999999562e+01
7.106905000000000427e+01
7.084502999999999417e+01
7.062112999999999374e+01
7.039736000000000615e+01
7.017373000000000616e+01
6.995022000000000162e+01
6.972684999999999889e+01
6.950361999999999796e+01
6.861208999999999492e+01
6.838957000000000619e+01
6.816719000000000506e+01
6.794495999999999469e+01
8.058809999999999718e+01
8.013365000000000293e+01
7.990640000000000498e+01
7.967914000000000385e+01
7.945189000000000590e+01
7.922464999999999691e+01
7.899741000000000213e+01
7.877020000000000266e+01
7.854301999999999850e+01
7.831586000000000070e+01
7.808874000000000137e+01
7.786166000000000054e+01
7.763463000000000136e+01
7.740764000000000067e+01
7.718071000000000481e+01
7.695383999999999958e+01
7.672701999999999600e+01
7.650028000000000361e+01
7.627360000000000184e+01
7.604698999999999387e+01
7.582044999999999391e+01
7.559399000000000513e+01
7.536762000000000228e+01
7.514132999999999640e+01
7.491512000000000171e+01
7.468899999999999295e+01
7.446298000000000172e+01
7.423704999999999643e+01
7.401121999999999446e+01
7.378548999999999580e+01
7.355986000000000047e+01
7.333432999999999424e+01
7.310891999999999769e+01
7.288361000000000445e+01
7.265841000000000349e+01
7.243332999999999799e+01
7.220835999999999899e+01
7.198351999999999862e+01
7.175879000000000474e+01
7.153418000000000632e+01
7.130970000000000653e+01
7.108535000000000537e+01
7.086113000000000284e+01
7.063702999999999577e+01
7.041307000000000471e+01
7.018923999999999808e+01
6.996554999999999325e+01
6.974200000000000443e+01
6.951859000000000322e+01
6.862637999999999749e+01
6.840368999999999744e+01
6.818116000000000554e+01
6.795878000000000441e+01
6.773654999999999404e+01
8.061619000000000312e+01
8.038830000000000098e+01
8.016042000000000201e+01
7.993255999999999517e+01
7.970471000000000572e+01
7.947688999999999737e+01
7.924911000000000172e+01
7.902136000000000138e+01
7.879364999999999952e+01
7.856598999999999933e+01
7.833836999999999762e+01
7.811081000000000074e+01
7.788330999999999449e+01
7.765586000000000411e+01
7.742847999999999331e+01
7.720117000000000473e+01
7.697392999999999574e+01
7.674675999999999476e+01
7.651967000000000496e+01
7.629264999999999475e+01
7.606571999999999889e+01
7.583888000000000318e+01
7.561212000000000444e+01
7.538545000000000584e+01
7.515887999999999636e+01
7.493240000000000123e+01
7.470601000000000624e+01
7.447973000000000354e+01
7.425355000000000416e+01
7.402746999999999389e+01
7.380150000000000432e+01
7.357564000000000703e+01
7.334989000000000203e+01
7.312425000000000352e+01
7.289873000000000047e+01
7.267333000000000709e+01
7.244804000000000599e+01
7.222288000000000352e+01
7.199783999999999651e+01
7.177291999999999916e+01
7.154814000000000362e+01
7.132348000000000354e+01
7.109895000000000209e+01
7.087454999999999927e+01
7.065028999999999826e+01
7.042616999999999905e+01
7.020217999999999847e+01
6.997832999999999970e+01
6.975463000000000591e+01
6.953106999999999971e+01
6.930764999999999532e+01
6.908437999999999590e+01
6.886126000000000147e+01
6.863828999999999780e+01
6.841548000000000229e+01
6.819280999999999437e+01
6.797029999999999461e+01
6.774795000000000300e+01
6.752576000000000533e+01
6.730371999999999844e+01
6.708185000000000286e+01
8.018188999999999567e+01
7.995353000000000065e+01
7.972521000000000413e+01
7.949693999999999505e+01
7.926872000000000185e+01
7.904054999999999609e+01
7.881243999999999517e+01
7.858440000000000225e+01
7.835640999999999678e+01
7.812850000000000250e+01
7.790064999999999884e+01
7.767288000000000636e+01
7.744517999999999347e+01
7.721756000000000597e+01
7.699002000000000123e+01
7.676256999999999664e+01
7.653520000000000323e+01
7.630791999999999575e+01
7.608073000000000263e+01
7.585363999999999862e+01
7.562663999999999476e+01
7.539973000000000525e+01
7.517292999999999381e+01
7.494622999999999990e+01
7.471962999999999511e+01
7.449313999999999680e+01
7.426676000000000499e+01
7.404049000000000547e+01
7.381432999999999822e+01
7.358827999999999747e+01
7.336235000000000639e+01
7.313653999999999655e+01
7.291083999999999321e+01
7.268527000000000271e+01
7.245981999999999346e+01
7.223449999999999704e+01
7.200930999999999926e+01
7.178423999999999694e+01
7.155930999999999642e+01
7.133450000000000557e+01
7.110983000000000231e+01
7.088530000000000086e+01
7.066091000000000122e+01
7.043665000000000020e+01
7.021254000000000417e+01
6.998856999999999573e+01
6.976474000000000331e+01
6.954106000000000165e+01
6.931753000000000497e+01
6.909413999999999589e+01
6.887090999999999497e+01
6.864782999999999902e+01
6.842490999999999701e+01
6.820213999999999999e+01
6.797951999999999373e+01
6.775706999999999880e+01
6.753477999999999781e+01
6.731265000000000498e+01
6.709068000000000609e+01
6.686888000000000432e+01
7.996929000000000087e+01
7.974061000000000377e+01
7.951200000000000045e+01
7.928345000000000198e+01
7.905496999999999730e+01
7.882656000000000063e+01
7.859821999999999775e+01
7.836996000000000606e+01
7.814177999999999713e+01
7.791367999999999938e+01
7.768565999999999860e+01
7.745771999999999480e+01
7.722987000000000535e+01
7.700211000000000183e+01
7.677443999999999846e+01
7.654686999999999841e+01
7.631937999999999533e+01
7.609199999999999875e+01
7.586472000000000548e+01
7.563754000000000133e+01
7.541046000000000049e+01
7.518348000000000297e+01
7.495660999999999774e+01
7.472986000000000217e+01
7.450320999999999572e+01
7.427666999999999575e+01
7.405025000000000546e+01
7.382394999999999641e+01
7.359775999999999385e+01
7.337170000000000414e+01
7.314575000000000671e+01
7.291992999999999370e+01
7.269423000000000457e+01
7.246865999999999985e+01
7.224321999999999377e+01
7.201791000000000054e+01
7.179273000000000593e+01
7.156768999999999892e+01
7.134278000000000475e+01
7.111799999999999500e+01
7.089337000000000444e+01
7.066886999999999830e+01
7.044451999999999714e+01
7.022030999999999779e+01
6.999625000000000341e+01
6.977232999999999663e+01
6.954855999999999483e+01
6.932493999999999801e+01
6.910147000000000617e+01
6.887815000000000509e+01
6.865498999999999796e+01
6.843197999999999581e+01
6.820913000000000181e+01
6.776390999999999565e+01
6.754155000000000086e+01
6.731933999999999685e+01
6.709730000000000416e+01
6.687542999999999438e+01
8.043784999999999741e+01
7.997981000000000051e+01
7.975090000000000146e+01
7.952204999999999302e+01
7.929328999999999894e+01
7.906458999999999548e+01
7.883598000000000638e+01
7.860745000000000005e+01
7.837900999999999385e+01
7.815063999999999567e+01
7.792237000000000080e+01
7.769418000000000291e+01
7.746608999999999412e+01
7.723807999999999652e+01
7.701017000000000223e+01
7.678235999999999706e+01
7.655464999999999520e+01
7.632702999999999349e+01
7.609951999999999828e+01
7.587211000000000638e+01
7.564481000000000677e+01
7.541760999999999626e+01
7.519052000000000646e+01
7.496353999999999473e+01
7.473668000000000688e+01
7.450991999999999393e+01
7.428328999999999382e+01
7.405677000000000021e+01
7.383037000000000205e+01
7.360408999999999935e+01
7.337793000000000632e+01
7.315189999999999770e+01
7.292598999999999876e+01
7.270020999999999844e+01
7.247455999999999676e+01
7.224903999999999371e+01
7.202365000000000350e+01
7.179840000000000089e+01
7.157327999999999690e+01
7.134829999999999472e+01
7.112345000000000539e+01
7.089875000000000682e+01
7.067418999999999585e+01
7.044977000000000089e+01
7.022548999999999353e+01
7.000136999999999432e+01
6.977738999999999692e+01
6.955356000000000449e+01
6.932988000000000284e+01
6.910635000000000616e+01
6.888298000000000343e+01
6.865976000000000568e+01
6.843670000000000186e+01
6.754605999999999710e+01
6.732380999999999460e+01
6.710172000000000025e+01
8.021419000000000210e+01
7.998507999999999640e+01
7.975603999999999871e+01
7.952707999999999799e+01
7.929820999999999742e+01
7.906941000000000486e+01
7.884069999999999823e+01
7.861207000000000278e+01
7.838352999999999327e+01
7.815507999999999811e+01
7.792672000000000310e+01
7.769844999999999402e+01
7.747026999999999930e+01
7.724218999999999369e+01
7.701421000000000561e+01
7.678632000000000346e+01
7.655853999999999360e+01
7.633086000000000126e+01
7.610327999999999804e+01
7.587581000000000131e+01
7.564843999999999369e+01
7.542118999999999573e+01
7.519404000000000110e+01
7.496701000000000192e+01
7.474008999999999503e+01
7.451327999999999463e+01
7.428660000000000707e+01
7.406002999999999759e+01
7.383357999999999777e+01
7.360724999999999341e+01
7.338105000000000189e+01
7.315497000000000583e+01
7.292901999999999418e+01
7.270319999999999538e+01
7.247750999999999522e+01
7.225194999999999368e+01
7.202652000000000498e+01
7.180123000000000388e+01
7.157607000000000141e+01
7.135106000000000392e+01
7.112618000000000507e+01
7.090143999999999380e+01
7.067683999999999855e+01
7.045238999999999407e+01
7.022808999999999457e+01
7.000392999999999688e+01
6.977992000000000417e+01
6.955606000000000222e+01
6.933235000000000525e+01
6.910878999999999905e+01
6.888539000000000101e+01
6.866214999999999691e+01
6.754832000000000392e+01
6.732604000000000610e+01
8.044337000000000160e+01
8.021419000000000210e+01
7.998507999999999640e+01
7.975603999999999871e+01
7.952707999999999799e+01
7.929820999999999742e+01
7.906941000000000486e+01
7.884069999999999823e+01
7.861207000000000278e+01
7.838352999999999327e+01
7.815507999999999811e+01
7.792672000000000310e+01
7.769844999999999402e+01
7.747026999999999930e+01
7.724218999999999369e+01
7.701421000000000561e+01
7.678632000000000346e+01
7.655853999999999360e+01
7.633086000000000126e+01
7.610327999999999804e+01
7.587581000000000131e+01
7.564843999999999369e+01
7.542118999999999573e+01
7.519404000000000110e+01
7.496701000000000192e+01
7.474008999999999503e+01
7.451327999999999463e+01
7.428660000000000707e+01
7.406002999999999759e+01
7.383357999999999777e+01
7.360724999999999341e+01
7.338105000000000189e+01
7.315497000000000583e+01
7.292901999999999418e+01
7.270319999999999538e+01
7.247750999999999522e+01
7.225194999999999368e+01
7.202652000000000498e+01
7.180123000000000388e+01
7.157607000000000141e+01
7.135106000000000392e+01
7.112618000000000507e+01
7.090143999999999380e+01
7.067683999999999855e+01
7.045238999999999407e+01
7.022808999999999457e+01
7.000392999999999688e+01
6.977992000000000417e+01
6.955606000000000222e+01
6.933235000000000525e+01
6.910878999999999905e+01
6.888539000000000101e+01
6.866214999999999691e+01
8.043784999999999741e+01
8.020879999999999654e+01
7.997981000000000051e+01
7.975090000000000146e+01
7.952204999999999302e+01
7.929328999999999894e+01
7.906458999999999548e+01
7.883598000000000638e+01
7.860745000000000005e+01
7.837900999999999385e+01
7.815063999999999567e+01
7.792237000000000080e+01
7.769418000000000291e+01
7.746608999999999412e+01
7.723807999999999652e+01
7.701017000000000223e+01
7.678235999999999706e+01
7.655464999999999520e+01
7.632702999999999349e+01
7.609951999999999828e+01
7.587211000000000638e+01
7.564481000000000677e+01
7.541760999999999626e+01
7.519052000000000646e+01
7.496353999999999473e+01
7.473668000000000688e+01
7.450991999999999393e+01
7.428328999999999382e+01
7.405677000000000021e+01
7.383037000000000205e+01
7.360408999999999935e+01
7.337793000000000632e+01
7.315189999999999770e+01
7.292598999999999876e+01
7.270020999999999844e+01
7.247455999999999676e+01
7.224903999999999371e+01
7.202365000000000350e+01
7.179840000000000089e+01
7.157327999999999690e+01
7.134829999999999472e+01
7.112345000000000539e+01
7.089875000000000682e+01
7.067418999999999585e+01
7.044977000000000089e+01
7.022548999999999353e+01
7.000136999999999432e+01
6.977738999999999692e+01
6.955356000000000449e+01
6.932988000000000284e+01
6.910635000000000616e+01
6.888298000000000343e+01
6.865976000000000568e+01
6.821380000000000621e+01
6.799106000000000449e+01
6.776847999999999672e+01
6.710172000000000025e+01
6.687980000000000302e+01
6.665805000000000291e+01
6.643646999999999991e+01
8.042682000000000642e+01
8.019803000000000281e+01
7.996929000000000087e+01
7.974061000000000377e+01
7.951200000000000045e+01
7.928345000000000198e+01
7.905496999999999730e+01
7.882656000000000063e+01
7.859821999999999775e+01
7.836996000000000606e+01
7.814177999999999713e+01
7.791367999999999938e+01
7.768565999999999860e+01
7.745771999999999480e+01
7.722987000000000535e+01
7.700211000000000183e+01
7.677443999999999846e+01
7.654686999999999841e+01
7.631937999999999533e+01
7.609199999999999875e+01
7.586472000000000548e+01
7.563754000000000133e+01
7.541046000000000049e+01
7.518348000000000297e+01
7.495660999999999774e+01
7.472986000000000217e+01
7.450320999999999572e+01
7.427666999999999575e+01
7.405025000000000546e+01
7.382394999999999641e+01
7.359775999999999385e+01
7.337170000000000414e+01
7.314575000000000671e+01
7.291992999999999370e+01
7.269423000000000457e+01
7.246865999999999985e+01
7.224321999999999377e+01
7.201791000000000054e+01
7.179273000000000593e+01
7.156768999999999892e+01
7.134278000000000475e+01
7.111799999999999500e+01
7.089337000000000444e+01
7.066886999999999830e+01
7.044451999999999714e+01
7.022030999999999779e+01
6.999625000000000341e+01
6.977232999999999663e+01
6.954855999999999483e+01
6.932493999999999801e+01
6.910147000000000617e+01
6.887815000000000509e+01
6.865498999999999796e+01
6.843197999999999581e+01
6.820913000000000181e+01
6.798644000000000176e+01
6.776390999999999565e+01
6.754155000000000086e+01
6.731933999999999685e+01
6.709730000000000416e+01
6.687542999999999438e+01
6.665372999999999593e+01
6.643219000000000563e+01
8.041029000000000337e+01
8.018188999999999567e+01
7.995353000000000065e+01
7.972521000000000413e+01
7.949693999999999505e+01
7.926872000000000185e+01
7.904054999999999609e+01
7.881243999999999517e+01
7.858440000000000225e+01
7.835640999999999678e+01
7.812850000000000250e+01
7.790064999999999884e+01
7.767288000000000636e+01
7.744517999999999347e+01
7.721756000000000597e+01
7.699002000000000123e+01
7.676256999999999664e+01
7.653520000000000323e+01
7.630791999999999575e+01
7.608073000000000263e+01
7.585363999999999862e+01
7.562663999999999476e+01
7.539973000000000525e+01
7.517292999999999381e+01
7.494622999999999990e+01
7.471962999999999511e+01
7.449313999999999680e+01
7.426676000000000499e+01
7.404049000000000547e+01
7.381432999999999822e+01
7.358827999999999747e+01
7.336235000000000639e+01
7.313653999999999655e+01
7.291083999999999321e+01
7.268527000000000271e+01
7.245981999999999346e+01
7.223449999999999704e+01
7.200930999999999926e+01
7.178423999999999694e+01
7.155930999999999642e+01
7.133450000000000557e+01
7.110983000000000231e+01
7.088530000000000086e+01
7.066091000000000122e+01
7.043665000000000020e+01
7.021254000000000417e+01
6.998856999999999573e+01
6.976474000000000331e+01
6.954106000000000165e+01
6.931753000000000497e+01
6.909413999999999589e+01
6.887090999999999497e+01
6.864782999999999902e+01
6.842490999999999701e+01
6.820213999999999999e+01
6.797951999999999373e+01
6.775706999999999880e+01
6.753477999999999781e+01
6.731265000000000498e+01
6.709068000000000609e+01
6.686888000000000432e+01
6.664723999999999648e+01
6.642576999999999998e+01
8.016042000000000201e+01
7.993255999999999517e+01
7.970471000000000572e+01
7.947688999999999737e+01
7.924911000000000172e+01
7.902136000000000138e+01
7.879364999999999952e+01
7.856598999999999933e+01
7.833836999999999762e+01
7.811081000000000074e+01
7.788330999999999449e+01
7.765586000000000411e+01
7.742847999999999331e+01
7.720117000000000473e+01
7.697392999999999574e+01
7.674675999999999476e+01
7.651967000000000496e+01
7.629264999999999475e+01
7.606571999999999889e+01
7.583888000000000318e+01
7.561212000000000444e+01
7.538545000000000584e+01
7.515887999999999636e+01
7.493240000000000123e+01
7.470601000000000624e+01
7.447973000000000354e+01
7.425355000000000416e+01
7.402746999999999389e+01
7.380150000000000432e+01
7.357564000000000703e+01
7.334989000000000203e+01
7.312425000000000352e+01
7.289873000000000047e+01
7.267333000000000709e+01
7.244804000000000599e+01
7.222288000000000352e+01
7.199783999999999651e+01
7.177291999999999916e+01
7.154814000000000362e+01
7.132348000000000354e+01
7.109895000000000209e+01
7.087454999999999927e+01
7.065028999999999826e+01
7.042616999999999905e+01
7.020217999999999847e+01
6.997832999999999970e+01
6.975463000000000591e+01
6.953106999999999971e+01
6.930764999999999532e+01
6.908437999999999590e+01
6.886126000000000147e+01
6.863828999999999780e+01
6.841548000000000229e+01
6.819280999999999437e+01
6.797029999999999461e+01
6.774795000000000300e+01
6.752576000000000533e+01
6.730371999999999844e+01
6.708185000000000286e+01
6.686014000000000124e+01
6.663859999999999673e+01
8.013365000000000293e+01
7.990640000000000498e+01
7.967914000000000385e+01
7.945189000000000590e+01
7.922464999999999691e+01
7.899741000000000213e+01
7.877020000000000266e+01
7.854301999999999850e+01
7.831586000000000070e+01
7.808874000000000137e+01
7.786166000000000054e+01
7.763463000000000136e+01
7.740764000000000067e+01
7.718071000000000481e+01
7.695383999999999958e+01
7.672701999999999600e+01
7.650028000000000361e+01
7.627360000000000184e+01
7.604698999999999387e+01
7.582044999999999391e+01
7.559399000000000513e+01
7.536762000000000228e+01
7.514132999999999640e+01
7.491512000000000171e+01
7.468899999999999295e+01
7.446298000000000172e+01
7.423704999999999643e+01
7.401121999999999446e+01
7.378548999999999580e+01
7.355986000000000047e+01
7.333432999999999424e+01
7.310891999999999769e+01
7.288361000000000445e+01
7.265841000000000349e+01
7.243332999999999799e+01
7.220835999999999899e+01
7.198351999999999862e+01
7.175879000000000474e+01
7.153418000000000632e+01
7.130970000000000653e+01
7.108535000000000537e+01
7.086113000000000284e+01
7.063702999999999577e+01
7.041307000000000471e+01
7.018923999999999808e+01
6.996554999999999325e+01
6.974200000000000443e+01
6.951859000000000322e+01
6.929532000000000380e+01
6.907219000000000619e+01
6.884920999999999935e+01
6.862637999999999749e+01
6.840368999999999744e+01
6.818116000000000554e+01
6.795878000000000441e+01
6.773654999999999404e+01
6.751448000000000604e+01
6.729256999999999778e+01
6.707081999999999766e+01
6.684923000000000570e+01
6.662779999999999347e+01
6.640653000000000361e+01
8.010161999999999694e+01
7.987510000000000332e+01
7.964855000000000018e+01
7.942197000000000173e+01
7.919535999999999376e+01
7.896875000000000000e+01
7.874213000000000306e+01
7.851551000000000613e+01
7.828891000000000133e+01
7.806230999999999653e+01
7.783574000000000126e+01
7.760920000000000130e+01
7.738267999999999347e+01
7.715621000000000151e+01
7.692977000000000487e+01
7.670337999999999568e+01
7.647704000000000235e+01
7.625075999999999965e+01
7.602452999999999861e+01
7.579837000000000558e+01
7.557228000000000634e+01
7.534624999999999773e+01
7.512030000000000030e+01
7.489441999999999666e+01
7.466862000000000421e+01
7.444290999999999769e+01
7.421728000000000236e+01
7.399173999999999296e+01
7.376628999999999792e+01
7.354094000000000619e+01
7.331568000000000040e+01
7.309053000000000111e+01
7.286548000000000513e+01
7.264052999999999827e+01
7.241568999999999789e+01
7.219096000000000402e+01
7.196634000000000242e+01
7.174183999999999628e+01
7.151745999999999981e+01
7.129318999999999562e+01
7.106905000000000427e+01
7.084502999999999417e+01
7.062112999999999374e+01
7.039736000000000615e+01
7.017373000000000616e+01
6.995022000000000162e+01
6.972684999999999889e+01
6.950361999999999796e+01
6.928052999999999884e+01
6.905756999999999834e+01
6.883476000000000283e+01
6.861208999999999492e+01
6.838957000000000619e+01
6.816719000000000506e+01
6.794495999999999469e+01
6.772289000000000669e+01
6.750096999999999525e+01
6.727920000000000300e+01
6.683612999999999715e+01
6.661484000000000094e+01
6.639370999999999867e+01
6.617274000000000456e+01
8.006439000000000306e+01
7.983871999999999503e+01
7.961297000000000423e+01
7.938716999999999757e+01
7.916131000000000029e+01
7.893541000000000452e+01
7.870946999999999605e+01
7.848350999999999544e+01
7.825754000000000588e+01
7.803155999999999892e+01
7.780557000000000301e+01
7.757958999999999605e+01
7.735362999999999545e+01
7.712767999999999802e+01
7.690175000000000693e+01
7.667584999999999695e+01
7.644998999999999967e+01
7.622417000000000087e+01
7.599839000000000055e+01
7.577266000000000190e+01
7.554698000000000491e+01
7.532135999999999854e+01
7.509579999999999700e+01
7.487030000000000030e+01
7.464488000000000056e+01
7.441952000000000567e+01
7.419423999999999353e+01
7.396904999999999575e+01
7.374393000000000598e+01
7.351890000000000214e+01
7.329395999999999844e+01
7.306910999999999490e+01
7.284435000000000571e+01
7.261969000000000563e+01
7.239512999999999465e+01
7.217068000000000438e+01
7.194633000000000322e+01
7.172208999999999435e+01
7.149796000000000618e+01
7.127393999999999608e+01
7.105003999999999564e+01
7.082626000000000488e+01
7.060259999999999536e+01
7.037905999999999551e+01
7.015564000000000533e+01
6.993236000000000274e+01
6.970919999999999561e+01
6.948618000000000450e+01
6.926327999999999463e+01
6.904053000000000395e+01
6.881790999999999769e+01
6.859542999999999324e+01
6.837309000000000481e+01
6.815089999999999293e+01
6.792884999999999707e+01
6.637877000000000294e+01
6.615794999999999959e+01
8.002200999999999453e+01
7.979729000000000383e+01
7.957246000000000663e+01
7.934753000000000611e+01
7.912251999999999441e+01
7.889741999999999678e+01
7.867225999999999431e+01
7.844705000000000439e+01
7.822180000000000177e+01
7.799649999999999750e+01
7.777119000000000426e+01
7.754585000000000150e+01
7.732049999999999557e+01
7.709515000000000384e+01
7.686979999999999791e+01
7.664446999999999832e+01
7.641913999999999874e+01
7.619383999999999446e+01
7.596856999999999971e+01
7.574333000000000027e+01
7.551812999999999931e+01
7.529296999999999684e+01
7.506785000000000707e+01
7.484278999999999371e+01
7.461778999999999940e+01
7.439284000000000674e+01
7.416795999999999367e+01
7.394315000000000282e+01
7.371841000000000577e+01
7.349374000000000251e+01
7.326915999999999940e+01
7.304465999999999326e+01
7.282023999999999830e+01
7.259591000000000349e+01
7.237166999999999462e+01
7.214753000000000327e+01
7.192349000000000103e+01
7.169953999999999894e+01
7.147571000000000652e+01
7.125197000000000003e+01
7.102835000000000321e+01
7.080483999999999867e+01
7.058144000000000062e+01
7.035815999999999804e+01
7.013500000000000512e+01
6.991195999999999344e+01
6.968904999999999461e+01
6.946626000000000545e+01
6.924360000000000070e+01
6.902106999999999459e+01
6.879867000000000132e+01
6.857640999999999565e+01
6.835429000000000599e+01
6.813230000000000075e+01
6.636169999999999902e+01
6.614105999999999597e+01
6.592058000000000106e+01
7.997454999999999359e+01
7.975090000000000146e+01
7.952707999999999799e+01
7.930312999999999590e+01
7.907904999999999518e+01
7.885484999999999900e+01
7.863056000000000267e+01
7.840618000000000620e+01
7.818171999999999855e+01
7.795720000000000027e+01
7.773261999999999716e+01
7.750799999999999557e+01
7.728334999999999866e+01
7.705866000000000327e+01
7.683396000000000470e+01
7.660923999999999978e+01
7.638452999999999804e+01
7.615980999999999312e+01
7.593510000000000559e+01
7.571040999999999599e+01
7.548574000000000694e+01
7.526108999999999583e+01
7.503647999999999740e+01
7.481189999999999429e+01
7.458737000000000705e+01
7.436288000000000409e+01
7.413845000000000596e+01
7.391406999999999528e+01
7.368975000000000364e+01
7.346550000000000580e+01
7.324130999999999858e+01
7.301718999999999937e+01
7.279314999999999714e+01
7.256919999999999504e+01
7.234532000000000096e+01
7.212153000000000702e+01
7.189782999999999902e+01
7.167422000000000537e+01
7.145069999999999766e+01
7.122728999999999644e+01
7.100397999999999854e+01
7.078077000000000396e+01
7.055767000000000166e+01
7.033468000000000586e+01
7.011180000000000234e+01
6.988903999999999428e+01
6.966639999999999588e+01
6.944387000000000398e+01
6.922146999999999650e+01
6.899920000000000186e+01
6.877705000000000268e+01
6.855503000000000213e+01
6.833315000000000339e+01
6.612206999999999368e+01
6.590179000000000542e+01
6.568165999999999372e+01
6.502223999999999648e+01
6.480276000000000636e+01
7.992207999999999402e+01
7.969959000000000060e+01
7.947688999999999737e+01
7.925400999999999385e+01
7.903095000000000425e+01
7.880773999999999546e+01
7.858440000000000225e+01
7.836092999999999620e+01
7.813734999999999786e+01
7.791367999999999938e+01
7.768992000000000075e+01
7.746608999999999412e+01
7.724218999999999369e+01
7.701824000000000581e+01
7.679425000000000523e+01
7.657022000000000617e+01
7.634617000000000075e+01
7.612210000000000321e+01
7.589800999999999931e+01
7.567391999999999541e+01
7.544983999999999469e+01
7.522575999999999397e+01
7.500169999999999959e+01
7.477765999999999735e+01
7.455365000000000464e+01
7.432966999999999302e+01
7.410572000000000514e+01
7.388182000000000471e+01
7.365797000000000594e+01
7.343416999999999462e+01
7.321041999999999916e+01
7.298673999999999751e+01
7.276312000000000069e+01
7.253955999999999449e+01
7.231607999999999947e+01
7.209268000000000143e+01
7.186936000000000035e+01
7.164611999999999625e+01
7.142297000000000651e+01
7.119989999999999952e+01
7.097693999999999903e+01
7.075405999999999551e+01
7.053128999999999849e+01
7.030862000000000478e+01
7.008606000000000336e+01
6.986360999999999422e+01
6.964126000000000261e+01
6.941903000000000645e+01
6.919692000000000576e+01
6.897493000000000052e+01
6.875306000000000495e+01
6.853131000000000483e+01
6.610099999999999909e+01
6.588093000000000643e+01
6.566101000000000454e+01
6.544124999999999659e+01
6.522163999999999362e+01
6.500218999999999880e+01
6.478291000000000111e+01
7.986468999999999596e+01
7.964346000000000458e+01
7.942197000000000173e+01
7.920023999999999376e+01
7.897830000000000439e+01
7.875615999999999417e+01
7.853383999999999787e+01
7.831135999999999342e+01
7.808874000000000137e+01
7.786598999999999648e+01
7.764311999999999614e+01
7.742014000000000351e+01
7.719707999999999970e+01
7.697392999999999574e+01
7.675070999999999799e+01
7.652742999999999540e+01
7.630410000000000537e+01
7.608073000000000263e+01
7.585733000000000459e+01
7.563389999999999702e+01
7.541046000000000049e+01
7.518699999999999761e+01
7.496353999999999473e+01
7.474008999999999503e+01
7.451663999999999533e+01
7.429321000000000197e+01
7.406981000000000392e+01
7.384642999999999802e+01
7.362308000000000163e+01
7.339978000000000691e+01
7.317650999999999328e+01
7.295329999999999870e+01
7.273014000000000578e+01
7.250703000000000031e+01
7.228399000000000285e+01
7.206100999999999601e+01
7.183809999999999718e+01
7.161526000000000636e+01
7.139251000000000147e+01
7.116983000000000459e+01
7.094723999999999364e+01
7.072472999999999388e+01
7.050231999999999744e+01
7.028000000000000114e+01
7.005778999999999712e+01
6.983566999999999325e+01
6.961365000000000691e+01
6.939175000000000182e+01
6.916995000000000005e+01
6.894826999999999373e+01
6.872669999999999391e+01
6.585800000000000409e+01
6.563831000000000415e+01
6.541877999999999815e+01
6.519939999999999714e+01
6.498017000000000110e+01
6.476109999999999900e+01
7.980245999999999640e+01
7.958257999999999299e+01
7.936238000000000170e+01
7.914189000000000362e+01
7.892114999999999725e+01
7.870015999999999678e+01
7.847894999999999754e+01
7.825754000000000588e+01
7.803594999999999970e+01
7.781417999999999324e+01
7.759226999999999919e+01
7.737022000000000332e+01
7.714804999999999779e+01
7.692575999999999681e+01
7.670337999999999568e+01
7.648090999999999440e+01
7.625836999999999932e+01
7.603575999999999624e+01
7.581309000000000253e+01
7.559036999999999296e+01
7.536762000000000228e+01
7.514482999999999890e+01
7.492203000000000657e+01
7.469920999999999367e+01
7.447638000000000602e+01
7.425355000000000416e+01
7.403072000000000230e+01
7.380791000000000679e+01
7.358512000000000342e+01
7.336235000000000639e+01
7.313961000000000467e+01
7.291689999999999827e+01
7.269423000000000457e+01
7.247160999999999831e+01
7.224903999999999371e+01
7.202652000000000498e+01
7.180406000000000688e+01
7.158167000000000257e+01
7.135934000000000310e+01
7.113707999999999743e+01
7.091490000000000293e+01
7.069279000000000224e+01
7.047077000000000169e+01
7.024884000000000128e+01
7.002698999999999785e+01
6.980523999999999774e+01
6.958357999999999777e+01
6.936202000000000112e+01
6.914056999999999675e+01
6.891921999999999571e+01
6.605259999999999820e+01
6.583302000000000476e+01
6.561357999999999890e+01
6.539428999999999803e+01
6.517515000000000214e+01
6.495617000000000019e+01
7.973547999999999547e+01
7.951703000000000543e+01
7.929820999999999742e+01
7.907904999999999518e+01
7.885957000000000505e+01
7.863980999999999710e+01
7.841978000000000293e+01
7.819951000000000363e+01
7.797902000000000555e+01
7.775831999999999766e+01
7.753743000000000052e+01
7.731637000000000626e+01
7.709515000000000384e+01
7.687378999999999962e+01
7.665230999999999995e+01
7.643070000000000164e+01
7.620900000000000318e+01
7.598720000000000141e+01
7.576532000000000266e+01
7.554336999999999591e+01
7.532135999999999854e+01
7.509929999999999950e+01
7.487718999999999880e+01
7.465505000000000280e+01
7.443287999999999727e+01
7.421068999999999960e+01
7.398850000000000193e+01
7.376628999999999792e+01
7.354408999999999708e+01
7.332189999999999941e+01
7.309972000000000492e+01
7.287756000000000256e+01
7.265542999999999552e+01
7.243332999999999799e+01
7.221126999999999896e+01
7.198923999999999523e+01
7.176726999999999634e+01
7.154533999999999594e+01
7.132348000000000354e+01
7.110166999999999859e+01
7.087993000000000166e+01
7.065824999999999534e+01
7.043665000000000020e+01
7.021513000000000204e+01
6.999369000000000085e+01
6.977232999999999663e+01
6.955106000000000677e+01
6.932988000000000284e+01
6.910878999999999905e+01
6.602528999999999826e+01
6.580598999999999421e+01
6.558682000000000301e+01
6.536780000000000257e+01
6.514892000000000394e+01
6.493018999999999608e+01
7.944689999999999941e+01
7.922952999999999690e+01
7.901176999999999850e+01
7.879364999999999952e+01
7.857519000000000631e+01
7.835640999999999678e+01
7.813734999999999786e+01
7.791801999999999850e+01
7.769844999999999402e+01
7.747863999999999862e+01
7.725863999999999976e+01
7.703843999999999426e+01
7.681806000000000267e+01
7.659753000000000611e+01
7.637685000000000457e+01
7.615603000000000122e+01
7.593510000000000559e+01
7.571406000000000347e+01
7.549293000000000120e+01
7.527170999999999879e+01
7.505042000000000257e+01
7.482905999999999835e+01
7.460764000000000351e+01
7.438617999999999597e+01
7.416468000000000416e+01
7.394315000000000282e+01
7.372159999999999513e+01
7.350002999999999531e+01
7.327845000000000653e+01
7.305688000000000670e+01
7.283530000000000371e+01
7.261374000000000706e+01
7.239220000000000255e+01
7.217068000000000438e+01
7.194919000000000153e+01
7.172772999999999399e+01
7.150630999999999915e+01
7.128494000000000597e+01
7.106360999999999706e+01
7.084233999999999298e+01
7.062112999999999374e+01
7.039997999999999934e+01
7.017889999999999873e+01
6.995789000000000613e+01
6.973694999999999311e+01
6.951609000000000549e+01
6.929532000000000380e+01
6.621505999999999403e+01
6.599591999999999814e+01
6.577691000000000088e+01
6.555804000000000542e+01
6.533929999999999438e+01
6.512071000000000254e+01
6.424775999999999954e+01
6.402989999999999782e+01
7.915645000000000664e+01
7.894016000000000588e+01
7.872346000000000288e+01
7.850636000000000081e+01
7.828891000000000133e+01
7.807111999999999341e+01
7.785302000000000078e+01
7.763463000000000136e+01
7.741598000000000468e+01
7.719707999999999970e+01
7.697795000000000698e+01
7.675861999999999341e+01
7.653909000000000162e+01
7.631937999999999533e+01
7.609951999999999828e+01
7.587950999999999624e+01
7.565936000000000661e+01
7.543908999999999310e+01
7.521871000000000151e+01
7.499823000000000661e+01
7.477765999999999735e+01
7.455701999999999430e+01
7.433630999999999744e+01
7.411553000000000679e+01
7.389471000000000345e+01
7.367385000000000161e+01
7.345296000000000447e+01
7.323203999999999780e+01
7.301109999999999900e+01
7.279014999999999702e+01
7.256919999999999504e+01
7.234824000000000410e+01
7.212730000000000530e+01
7.190637999999999863e+01
7.168546999999999514e+01
7.146459000000000117e+01
7.124374000000000251e+01
7.102293000000000234e+01
7.080216000000000065e+01
7.058144000000000062e+01
7.036077000000000226e+01
7.014015999999999451e+01
6.991961000000000581e+01
6.969911999999999352e+01
6.947870000000000346e+01
6.925835999999999615e+01
6.618331999999999482e+01
6.596450000000000102e+01
6.574581000000000586e+01
6.552724000000000615e+01
6.530880999999999403e+01
6.421872000000000469e+01
6.400113000000000341e+01
7.907904999999999518e+01
7.886430000000000007e+01
7.864906999999999471e+01
7.843340999999999497e+01
7.821733999999999298e+01
7.800087999999999511e+01
7.778406999999999982e+01
7.756692999999999927e+01
7.734947999999999979e+01
7.713174999999999670e+01
7.691374999999999318e+01
7.669550999999999874e+01
7.647704000000000235e+01
7.625836999999999932e+01
7.603950000000000387e+01
7.582044999999999391e+01
7.560124000000000422e+01
7.538187999999999533e+01
7.516239000000000203e+01
7.494276999999999589e+01
7.472303999999999746e+01
7.450320999999999572e+01
7.428328999999999382e+01
7.406328999999999496e+01
7.384322000000000230e+01
7.362308000000000163e+01
7.340290000000000248e+01
7.318267000000000166e+01
7.296241000000000554e+01
7.274211999999999989e+01
7.252181000000000211e+01
7.230149000000000115e+01
7.208115999999999701e+01
7.186083000000000709e+01
7.164051000000000613e+01
7.142019999999999413e+01
7.119989999999999952e+01
7.097964000000000340e+01
7.075939999999999941e+01
7.053919999999999391e+01
7.031904000000000110e+01
7.009892999999999574e+01
6.987886000000000308e+01
6.965885000000000105e+01
6.943890000000000384e+01
6.614951000000000647e+01
6.593103000000000691e+01
6.571267000000000280e+01
6.549443999999999733e+01
6.527634000000000469e+01
6.505835999999999331e+01
6.484050999999999476e+01
6.462279999999999802e+01
6.440521999999999991e+01
6.418779000000000678e+01
6.397048999999999808e+01
7.920999000000000478e+01
7.899741000000000213e+01
7.878426000000000329e+01
7.857058999999999571e+01
7.835640999999999678e+01
7.814177999999999713e+01
7.792672000000000310e+01
7.771125000000000682e+01
7.749541000000000679e+01
7.727921999999999514e+01
7.706270999999999560e+01
7.684590000000000032e+01
7.662879999999999825e+01
7.641143999999999892e+01
7.619383999999999446e+01
7.597602000000000544e+01
7.575799000000000660e+01
7.553976000000000113e+01
7.532135999999999854e+01
7.510278999999999883e+01
7.488407999999999731e+01
7.466522999999999399e+01
7.444625000000000625e+01
7.422715999999999781e+01
7.400797000000000025e+01
7.378869000000000256e+01
7.356932999999999367e+01
7.334989000000000203e+01
7.313039000000000556e+01
7.291083999999999321e+01
7.269124999999999659e+01
7.247160999999999831e+01
7.225194999999999368e+01
7.203226999999999691e+01
7.181256999999999380e+01
7.159286000000000172e+01
7.137314999999999543e+01
7.115345000000000653e+01
7.093376000000000658e+01
7.071407999999999561e+01
7.049442999999999415e+01
7.027481000000000222e+01
7.005522000000000560e+01
6.983566999999999325e+01
6.961615999999999360e+01
6.939669999999999561e+01
6.633186000000000604e+01
6.611364000000000374e+01
6.589552999999999372e+01
6.567753000000000441e+01
6.545964999999999634e+01
6.524187999999999477e+01
6.502424000000000603e+01
6.480673000000000172e+01
6.458934000000000708e+01
6.437209000000000003e+01
6.415496000000000265e+01
7.933271000000000583e+01
7.912251999999999441e+01
7.891164999999999452e+01
7.870015999999999678e+01
7.848807999999999652e+01
7.827545000000000641e+01
7.806230999999999653e+01
7.784869999999999379e+01
7.763463000000000136e+01
7.742014000000000351e+01
7.720526999999999873e+01
7.699002000000000123e+01
7.677443999999999846e+01
7.655853999999999360e+01
7.634233999999999298e+01
7.612586000000000297e+01
7.590913000000000466e+01
7.569214999999999804e+01
7.547495999999999583e+01
7.525755999999999801e+01
7.503995999999999356e+01
7.482219000000000619e+01
7.460425999999999647e+01
7.438617999999999597e+01
7.416795999999999367e+01
7.394961999999999591e+01
7.373116000000000270e+01
7.351260999999999513e+01
7.329395999999999844e+01
7.307522000000000162e+01
7.285641999999999996e+01
7.263755000000000450e+01
7.241862999999999317e+01
7.219965999999999440e+01
7.198064999999999714e+01
7.176161000000000456e+01
7.154255000000000564e+01
7.132348000000000354e+01
7.110438999999999510e+01
7.088530000000000086e+01
7.066621999999999559e+01
7.044714000000000453e+01
7.022808999999999457e+01
7.000905000000000200e+01
6.979004000000000474e+01
6.957106000000000279e+01
6.651149999999999807e+01
6.629357000000000255e+01
6.607572999999999297e+01
6.585800000000000409e+01
6.564037999999999329e+01
6.542286000000000001e+01
6.520546000000000220e+01
6.498817999999999984e+01
6.477101000000000397e+01
6.455397000000000673e+01
7.923932000000000642e+01
7.903095000000000425e+01
7.882184999999999775e+01
7.861207000000000278e+01
7.840164000000000044e+01
7.755428000000000566e+01
7.734118999999999744e+01
7.712767999999999802e+01
7.691374999999999318e+01
7.669944999999999879e+01
7.648478000000000065e+01
7.626979000000000042e+01
7.605447999999999809e+01
7.583888000000000318e+01
7.562300999999999362e+01
7.540688000000000102e+01
7.519052000000000646e+01
7.497393999999999892e+01
7.475714999999999577e+01
7.454018000000000654e+01
7.432303000000000281e+01
7.410572000000000514e+01
7.388827000000000567e+01
7.367067000000000121e+01
7.345296000000000447e+01
7.323512999999999806e+01
7.301718999999999937e+01
7.279917000000000371e+01
7.258105999999999369e+01
7.236288000000000409e+01
7.214463999999999544e+01
7.192633999999999617e+01
7.170799999999999841e+01
7.148960999999999899e+01
7.127119999999999322e+01
7.105276000000000636e+01
7.083429999999999893e+01
7.061583000000000254e+01
7.039736000000000615e+01
7.017889999999999873e+01
6.996044000000000551e+01
6.668834999999999980e+01
6.647074000000000638e+01
6.625321999999999889e+01
6.538410000000000366e+01
6.516707999999999856e+01
6.451668999999999699e+01
7.725863999999999976e+01
7.704652000000000100e+01
7.683396000000000470e+01
7.662096999999999980e+01
7.640758999999999901e+01
7.619383999999999446e+01
7.597974000000000672e+01
7.576532000000000266e+01
7.555058999999999969e+01
7.533557999999999311e+01
7.512030000000000030e+01
7.490476999999999919e+01
7.468899999999999295e+01
7.447302999999999429e+01
7.425685000000000002e+01
7.404049000000000547e+01
7.382394999999999641e+01
7.360724999999999341e+01
7.339041000000000281e+01
7.317343999999999937e+01
7.295633999999999730e+01
7.273911999999999978e+01
7.252181000000000211e+01
7.230441000000000429e+01
7.208692000000000633e+01
7.186936000000000035e+01
7.165174000000000376e+01
7.143406000000000233e+01
7.121632999999999925e+01
7.099857000000000085e+01
7.078077000000000396e+01
7.056295000000000073e+01
7.034511000000000536e+01
7.012726000000000681e+01
6.990940999999999406e+01
6.664507999999999299e+01
6.642790999999999713e+01
7.842431999999999448e+01
7.821733999999999298e+01
7.800964000000000453e+01
7.780127000000000237e+01
7.738267999999999347e+01
7.717253999999999792e+01
7.696187000000000467e+01
7.675070999999999799e+01
7.653909000000000162e+01
7.632702999999999349e+01
7.611457000000000050e+01
7.590171999999999741e+01
7.568850999999999374e+01
7.547495999999999583e+01
7.526108999999999583e+01
7.504693000000000325e+01
7.483249000000000706e+01
7.461778999999999940e+01
7.440283999999999764e+01
7.418766999999999712e+01
7.397229000000000099e+01
7.375669999999999504e+01
7.354094000000000619e+01
7.332501000000000602e+01
7.310891999999999769e+01
7.289267999999999859e+01
7.267631000000000085e+01
7.245981999999999346e+01
7.224321999999999377e+01
7.202652000000000498e+01
7.180973000000000184e+01
7.159286000000000172e+01
7.137591000000000463e+01
7.115891000000000588e+01
7.094183999999999912e+01
7.072472999999999388e+01
7.007319999999999993e+01
6.985598000000000241e+01
6.681651999999999703e+01
7.811964999999999293e+01
7.791367999999999938e+01
7.770698000000000150e+01
7.749961000000000411e+01
7.729158999999999935e+01
7.708298000000000627e+01
7.687378999999999962e+01
7.666406999999999528e+01
7.645385000000000275e+01
7.624316000000000315e+01
7.603200999999999965e+01
7.582044999999999391e+01
7.560849000000000331e+01
7.539615999999999474e+01
7.518348000000000297e+01
7.497047000000000594e+01
7.475714999999999577e+01
7.454354999999999620e+01
7.432966999999999302e+01
7.411553000000000679e+01
7.390116000000000440e+01
7.368657000000000323e+01
7.347177000000000646e+01
7.325678000000000623e+01
7.304160000000000252e+01
7.282626000000000488e+01
7.261077000000000226e+01
7.239512999999999465e+01
7.217937000000000580e+01
7.196348000000000411e+01
7.174748999999999910e+01
7.153139000000000181e+01
7.131520999999999333e+01
7.109895000000000209e+01
7.088260999999999967e+01
7.001673999999999864e+01
7.781417999999999324e+01
7.760920000000000130e+01
7.740348000000000184e+01
7.719707999999999970e+01
7.699002000000000123e+01
7.678235999999999706e+01
7.657411999999999352e+01
7.636533000000000015e+01
7.615603000000000122e+01
7.594625000000000625e+01
7.573600999999999317e+01
7.552532999999999674e+01
7.531426000000000442e+01
7.510278999999999883e+01
7.489096999999999582e+01
7.467880999999999858e+01
7.446632999999999925e+01
7.425355000000000416e+01
7.404049000000000547e+01
7.382716000000000633e+01
7.361357999999999890e+01
7.339978000000000691e+01
7.318574999999999875e+01
7.297153000000000134e+01
7.275710999999999729e+01
7.254251999999999612e+01
7.232777000000000100e+01
7.211287000000000091e+01
7.189782999999999902e+01
7.168265999999999849e+01
7.146737000000000251e+01
7.125197000000000003e+01
7.103647999999999740e+01
7.750799999999999557e+01
7.730397000000000673e+01
7.709920999999999935e+01
7.689376000000000033e+01
7.668765000000000498e+01
7.648090999999999440e+01
7.627360000000000184e+01
7.606571999999999889e+01
7.585733000000000459e+01
7.564843999999999369e+01
7.543908999999999310e+01
7.522929000000000599e+01
7.501908000000000243e+01
7.480848000000000297e+01
7.459749999999999659e+01
7.438617999999999597e+01
7.417453000000000429e+01
7.396256999999999948e+01
7.375032000000000210e+01
7.353779000000000110e+01
7.332501000000000602e+01
7.311198000000000263e+01
7.289873000000000047e+01
7.268527000000000271e+01
7.247160999999999831e+01
7.225776999999999362e+01
7.204376000000000602e+01
7.182958000000000709e+01
7.161526000000000636e+01
7.140081000000000699e+01
7.118622999999999479e+01
7.720117000000000473e+01
7.699808000000000163e+01
7.679425000000000523e+01
7.658971999999999980e+01
7.638452999999999804e+01
7.617870999999999526e+01
7.597229000000000099e+01
7.576532000000000266e+01
7.555782000000000664e+01
7.534981000000000506e+01
7.514132999999999640e+01
7.493240000000000123e+01
7.472303999999999746e+01
7.451327999999999463e+01
7.430315000000000225e+01
7.409265000000000612e+01
7.388182000000000471e+01
7.367067000000000121e+01
7.345922000000000196e+01
7.324748999999999910e+01
7.303549999999999898e+01
7.282325000000000159e+01
7.261077000000000226e+01
7.239807000000000414e+01
7.218515999999999622e+01
7.197205999999999904e+01
7.175879000000000474e+01
7.154533999999999594e+01
7.133174999999999955e+01
7.111799999999999500e+01
7.090412999999999499e+01
7.689376000000000033e+01
7.669158000000000186e+01
7.648865000000000691e+01
7.628503000000000611e+01
7.608073000000000263e+01
7.587581000000000131e+01
7.567028000000000532e+01
7.546419000000000210e+01
7.525755999999999801e+01
7.505042000000000257e+01
7.484278999999999371e+01
7.463470999999999833e+01
7.442619999999999436e+01
7.421728000000000236e+01
7.400797000000000025e+01
7.379829999999999757e+01
7.358827999999999747e+01
7.337793000000000632e+01
7.316728000000000520e+01
7.295633999999999730e+01
7.274512000000000000e+01
7.253364000000000544e+01
7.232192999999999472e+01
7.210997999999999308e+01
7.189782999999999902e+01
7.168546999999999514e+01
7.147293000000000518e+01
7.126021000000000072e+01
7.104733000000000231e+01
7.062112999999999374e+01
7.658581999999999823e+01
7.638452999999999804e+01
7.618249000000000137e+01
7.597974000000000672e+01
7.577633000000000152e+01
7.557228000000000634e+01
7.536762000000000228e+01
7.516239000000000203e+01
7.495660999999999774e+01
7.475033000000000527e+01
7.454354999999999620e+01
7.433630999999999744e+01
7.412861999999999796e+01
7.392052999999999940e+01
7.371204000000000178e+01
7.350316999999999723e+01
7.329395999999999844e+01
7.308441000000000543e+01
7.287453999999999610e+01
7.266437999999999420e+01
7.245392999999999972e+01
7.224321999999999377e+01
7.203226999999999691e+01
7.182107000000000596e+01
7.160966000000000520e+01
7.139803999999999462e+01
7.118622999999999479e+01
7.707080999999999449e+01
7.687378999999999962e+01
7.667584999999999695e+01
7.647704000000000235e+01
7.627741000000000327e+01
7.607698000000000604e+01
7.587581000000000131e+01
7.567391999999999541e+01
7.547136999999999318e+01
7.526816999999999780e+01
7.506435999999999353e+01
7.485997999999999308e+01
7.465505000000000280e+01
7.444960000000000377e+01
7.424365000000000236e+01
7.403722999999999388e+01
7.383037000000000205e+01
7.362308000000000163e+01
7.341540000000000532e+01
7.320734000000000208e+01
7.299890999999999508e+01
7.279014999999999702e+01
7.258105999999999369e+01
7.237166999999999462e+01
7.216199000000000296e+01
7.195204999999999984e+01
7.174183999999999628e+01
7.153139000000000181e+01
7.132071999999999434e+01
7.110983000000000231e+01
7.047602999999999440e+01
7.695383999999999958e+01
7.675861999999999341e+01
7.656243000000000620e+01
7.636533000000000015e+01
7.616737000000000535e+01
7.596856999999999971e+01
7.576899000000000228e+01
7.556865999999999417e+01
7.536762000000000228e+01
7.516589999999999350e+01
7.496353999999999473e+01
7.476057000000000130e+01
7.455701999999999430e+01
7.435290999999999428e+01
7.414827999999999975e+01
7.394315000000000282e+01
7.373754999999999882e+01
7.353149000000000513e+01
7.332501000000000602e+01
7.311812000000000467e+01
7.291083999999999321e+01
7.270319999999999538e+01
7.249522000000000332e+01
7.228690000000000282e+01
7.207828000000000657e+01
7.186936000000000035e+01
7.166016000000000474e+01
7.145069999999999766e+01
7.124099999999999966e+01
7.103105999999999653e+01
7.644612999999999658e+01
7.625075999999999965e+01
7.605447999999999809e+01
7.585733000000000459e+01
7.565936000000000661e+01
7.546059999999999945e+01
7.526108999999999583e+01
7.506087999999999738e+01
7.485997999999999308e+01
7.465843999999999880e+01
7.445628999999999564e+01
7.425355000000000416e+01
7.405025000000000546e+01
7.384642999999999802e+01
7.364209999999999923e+01
7.343729999999999336e+01
7.323203999999999780e+01
7.302634000000000469e+01
7.282023999999999830e+01
7.261374000000000706e+01
7.240688000000000102e+01
7.219965999999999440e+01
7.199210999999999672e+01
7.178423999999999694e+01
7.157607000000000141e+01
7.136762000000000228e+01
7.115891000000000588e+01
7.094993999999999801e+01
7.074072999999999922e+01
7.613339999999999463e+01
7.593882000000000687e+01
7.574333000000000027e+01
7.554698000000000491e+01
7.534981000000000506e+01
7.515184999999999604e+01
7.495314999999999372e+01
7.475373999999999342e+01
7.455365000000000464e+01
7.435290999999999428e+01
7.415156000000000347e+01
7.394961999999999591e+01
7.374711999999999534e+01
7.354408999999999708e+01
7.334054999999999325e+01
7.313653999999999655e+01
7.293206000000000699e+01
7.272714000000000567e+01
7.252181000000000211e+01
7.231607999999999947e+01
7.210997999999999308e+01
7.190353000000000350e+01
7.169673000000000229e+01
7.148960999999999899e+01
7.128218999999999994e+01
7.107447999999999411e+01
7.086648999999999887e+01
7.582044999999999391e+01
7.562663999999999476e+01
7.543192000000000519e+01
7.523635000000000161e+01
7.503995999999999356e+01
7.484278999999999371e+01
7.464488000000000056e+01
7.444625000000000625e+01
7.424694999999999823e+01
7.404699999999999704e+01
7.384642999999999802e+01
7.364526999999999646e+01
7.344356000000000506e+01
7.324130999999999858e+01
7.303855000000000075e+01
7.283530000000000371e+01
7.263160000000000593e+01
7.242744999999999322e+01
7.222288000000000352e+01
7.201791000000000054e+01
7.181256999999999380e+01
7.160685999999999751e+01
7.140081000000000699e+01
7.119442999999999699e+01
7.098775000000000546e+01
7.078077000000000396e+01
7.036598999999999648e+01
7.531426000000000442e+01
7.512030000000000030e+01
7.492547999999999320e+01
7.472986000000000217e+01
7.453345000000000198e+01
7.433630999999999744e+01
7.413845000000000596e+01
7.393992000000000075e+01
7.374074000000000240e+01
7.354094000000000619e+01
7.334054999999999325e+01
7.313961000000000467e+01
7.293811999999999784e+01
7.273613000000000284e+01
7.253364000000000544e+01
7.233069000000000415e+01
7.212730000000000530e+01
7.192349000000000103e+01
7.171926999999999452e+01
7.151466999999999530e+01
7.130970000000000653e+01
7.110438999999999510e+01
7.089875000000000682e+01
7.069279000000000224e+01
7.048654000000000508e+01
7.480848000000000297e+01
7.461440000000000339e+01
7.441952000000000567e+01
7.422387000000000512e+01
7.402746999999999389e+01
7.383037000000000205e+01
7.363258999999999332e+01
7.343416999999999462e+01
7.323512999999999806e+01
7.303549999999999898e+01
7.283530000000000371e+01
7.263456999999999653e+01
7.243332999999999799e+01
7.223160000000000025e+01
7.202939000000000647e+01
7.182675000000000409e+01
7.162367000000000417e+01
7.142019999999999413e+01
7.121632999999999925e+01
7.101210000000000377e+01
7.080750999999999351e+01
7.060259999999999536e+01
7.039736000000000615e+01
7.430315000000000225e+01
7.410899000000000569e+01
7.391406999999999528e+01
7.371841000000000577e+01
7.352204000000000406e+01
7.332501000000000602e+01
7.312731999999999744e+01
7.292901999999999418e+01
7.273014000000000578e+01
7.253068000000000382e+01
7.233069000000000415e+01
7.213018999999999892e+01
7.192919999999999447e+01
7.172772999999999399e+01
7.152581999999999596e+01
7.132348000000000354e+01
7.112072999999999467e+01
7.091759000000000412e+01
7.071407999999999561e+01
7.051022000000000389e+01
7.030602000000000373e+01
7.010150000000000148e+01
7.399173999999999296e+01
7.379829999999999757e+01
7.360408999999999935e+01
7.340914999999999679e+01
7.321350999999999942e+01
7.301718999999999937e+01
7.282023999999999830e+01
7.262266999999999939e+01
7.242450999999999794e+01
7.222578000000000031e+01
7.202652000000000498e+01
7.182675000000000409e+01
7.162648000000000081e+01
7.142574000000000467e+01
7.122454999999999359e+01
7.102293000000000234e+01
7.082089999999999463e+01
7.061848000000000525e+01
7.041568999999999789e+01
7.021254000000000417e+01
7.000905000000000200e+01
7.387215999999999383e+01
7.368021000000000242e+01
7.348745999999999867e+01
7.329395999999999844e+01
7.309972000000000492e+01
7.290479000000000553e+01
7.270918000000000347e+01
7.251294000000000040e+01
7.231607999999999947e+01
7.211863999999999919e+01
7.192063000000000272e+01
7.172208999999999435e+01
7.152303000000000566e+01
7.132348000000000354e+01
7.112345000000000539e+01
7.092297999999999547e+01
7.072207000000000221e+01
7.052075000000000671e+01
7.031904000000000110e+01
7.011695000000000277e+01
6.991451000000000704e+01
7.355986000000000047e+01
7.336857999999999436e+01
7.317650999999999328e+01
7.298368999999999573e+01
7.279014999999999702e+01
7.259591000000000349e+01
7.240099999999999625e+01
7.220546000000000220e+01
7.200930999999999926e+01
7.181256999999999380e+01
7.161526000000000636e+01
7.141742000000000701e+01
7.121907000000000210e+01
7.102021999999999480e+01
7.082089999999999463e+01
7.062112999999999374e+01
7.042092999999999847e+01
7.022030999999999779e+01
6.961615999999999360e+01
7.286548000000000513e+01
7.267333000000000709e+01
7.248045999999999367e+01
7.228690000000000282e+01
7.209268000000000143e+01
7.189782999999999902e+01
7.170235999999999876e+01
7.150630999999999915e+01
7.130970000000000653e+01
7.111256000000000199e+01
7.091490000000000293e+01
7.071674000000000149e+01
7.051811999999999614e+01
7.031904000000000110e+01
7.011952999999999747e+01
6.991961000000000581e+01
7.236288000000000409e+01
7.217068000000000438e+01
7.197778999999999883e+01
7.178423999999999694e+01
7.159005999999999403e+01
7.139526999999999646e+01
7.119989999999999952e+01
7.100397999999999854e+01
7.080750999999999351e+01
7.061054000000000030e+01
7.041307000000000471e+01
7.021513000000000204e+01
7.001673999999999864e+01
6.981790999999999769e+01
6.961866999999999450e+01
7.186083000000000709e+01
7.166858999999999469e+01
7.147571000000000652e+01
7.128218999999999994e+01
7.108807000000000187e+01
7.089337000000000444e+01
7.069810999999999979e+01
7.050231999999999744e+01
7.030602000000000373e+01
7.010922999999999661e+01
6.991195999999999344e+01
6.971424000000000376e+01
6.951609000000000549e+01
7.116710000000000491e+01
7.097423000000000570e+01
7.078077000000000396e+01
7.058673000000000286e+01
7.039212999999999454e+01
7.019700000000000273e+01
7.000136999999999432e+01
6.980523999999999774e+01
6.960863999999999407e+01
6.941159000000000390e+01
7.105003999999999564e+01
7.085844000000000165e+01
7.066621999999999559e+01
7.047339999999999804e+01
7.028000000000000114e+01
7.008606000000000336e+01
6.989158000000000470e+01
6.969660000000000366e+01
6.950113000000000341e+01
6.930518999999999608e+01
6.910878999999999905e+01
6.891196999999999662e+01
7.035815999999999804e+01
7.016598000000000468e+01
6.997321999999999775e+01
6.977992000000000417e+01
6.958608999999999867e+01
6.939175000000000182e+01
6.919692000000000576e+01
6.900163000000000579e+01
6.880588000000000193e+01
6.985851999999999862e+01
6.966639999999999588e+01
6.947372000000000014e+01
6.928052999999999884e+01
6.908682000000000301e+01
6.850288000000000466e+01
6.916750000000000398e+01
6.897493000000000052e+01
