6.047400999999999982e+01
6.030926999999999794e+01
6.019906000000000290e+01
6.003325999999999851e+01
5.987095999999999663e+01
5.971204999999999785e+01
5.955642000000000280e+01
5.940399000000000029e+01
5.958041999999999661e+01
5.942076999999999742e+01
5.926451000000000136e+01
5.911153000000000191e+01
6.727026999999999646e+01
5.911504999999999654e+01
5.895828999999999809e+01
5.880490000000000350e+01
5.865478999999999843e+01
5.850784000000000162e+01
6.670543999999999585e+01
6.632945999999999742e+01
6.596571000000000140e+01
6.561363000000000056e+01
5.848306000000000182e+01
5.833277999999999963e+01
5.818576000000000192e+01
5.804189000000000220e+01
5.790106999999999715e+01
5.776321000000000083e+01
6.611350000000000193e+01
6.573870999999999754e+01
6.537644000000000233e+01
6.502608999999999639e+01
6.468711999999999307e+01
6.435899000000000569e+01
5.799461999999999762e+01
5.784770000000000323e+01
5.770401999999999987e+01
5.756347000000000236e+01
5.742593999999999710e+01
5.729135000000000133e+01
5.715959999999999752e+01
5.703059999999999974e+01
6.549259000000000697e+01
6.511963000000000079e+01
6.475946999999999321e+01
6.441149000000000058e+01
6.407510000000000616e+01
6.374976000000000198e+01
6.343495000000000061e+01
6.313018999999999892e+01
5.734920000000000329e+01
5.720911999999999864e+01
5.707213999999999743e+01
5.693815000000000026e+01
5.680705999999999989e+01
5.667878000000000327e+01
5.655322999999999922e+01
5.643030000000000257e+01
6.522486000000000672e+01
6.484069999999999823e+01
6.447029999999999461e+01
6.411297000000000423e+01
6.376805999999999841e+01
6.343495000000000061e+01
6.311307000000000045e+01
6.280187000000000097e+01
6.250086000000000297e+01
6.220956000000000330e+01
5.683677999999999741e+01
5.670058000000000220e+01
5.656743999999999772e+01
5.643726000000000198e+01
5.630993000000000137e+01
5.618538000000000210e+01
5.606349999999999767e+01
5.594422000000000139e+01
5.582744999999999891e+01
6.453664999999999452e+01
6.415560999999999581e+01
6.378862000000000165e+01
6.343495000000000061e+01
6.309391000000000105e+01
6.276485000000000269e+01
6.244718999999999909e+01
6.214034999999999798e+01
6.184380999999999773e+01
6.155707000000000306e+01
6.127967000000000297e+01
6.101118000000000308e+01
5.617790999999999713e+01
5.604890999999999934e+01
5.592280000000000229e+01
5.579952000000000112e+01
5.567895000000000039e+01
5.556101000000000312e+01
5.544561999999999813e+01
5.533270000000000266e+01
5.522216999999999842e+01
5.511395000000000266e+01
6.420396999999999821e+01
6.381188999999999822e+01
6.343495000000000061e+01
6.307231999999999772e+01
6.272323999999999700e+01
6.238696999999999804e+01
6.206286000000000058e+01
6.175025999999999726e+01
6.144861000000000217e+01
6.115733999999999781e+01
6.087595000000000312e+01
6.060394999999999754e+01
6.034089000000000169e+01
6.008635000000000304e+01
5.983993999999999858e+01
5.551604999999999990e+01
5.539432000000000045e+01
5.527535999999999916e+01
5.515905999999999665e+01
5.504532999999999987e+01
5.493410000000000082e+01
5.482527999999999935e+01
5.471878999999999849e+01
5.461457000000000050e+01
5.451254000000000133e+01
5.441263000000000005e+01
6.343495000000000061e+01
6.304782000000000153e+01
6.267611000000000132e+01
6.231893999999999778e+01
6.197549999999999670e+01
6.164504000000000161e+01
6.132685000000000031e+01
6.102029000000000281e+01
6.072475000000000023e+01
6.043965000000000032e+01
6.016445999999999827e+01
5.989869999999999806e+01
5.964188000000000045e+01
5.939359000000000322e+01
5.915341000000000093e+01
5.892096000000000089e+01
5.869588000000000250e+01
5.485132999999999726e+01
5.473698999999999870e+01
5.462525000000000119e+01
5.451601999999999748e+01
5.440921999999999770e+01
5.430476999999999776e+01
5.420259999999999678e+01
5.410262000000000171e+01
5.400477999999999668e+01
5.390899999999999892e+01
6.262230000000000274e+01
6.224145999999999646e+01
6.187626000000000204e+01
6.152579999999999671e+01
6.118921000000000276e+01
6.086570999999999998e+01
6.055456999999999823e+01
6.025511999999999802e+01
5.996672000000000224e+01
5.968878999999999735e+01
5.942076999999999742e+01
5.916217000000000326e+01
5.891248999999999825e+01
5.867130999999999830e+01
5.843818999999999875e+01
5.821274999999999977e+01
5.799461999999999762e+01
5.778345000000000198e+01
5.757894000000000290e+01
5.738076000000000221e+01
5.418392000000000053e+01
5.407704999999999984e+01
5.397263000000000233e+01
5.387055999999999756e+01
5.377076000000000278e+01
5.367316999999999894e+01
5.357771999999999935e+01
5.348431999999999675e+01
5.339292999999999978e+01
6.215241999999999933e+01
6.176254999999999740e+01
6.138953999999999667e+01
6.103233999999999781e+01
6.068999000000000166e+01
6.036162000000000205e+01
6.004639000000000237e+01
5.974356000000000222e+01
5.945242999999999967e+01
5.917233999999999838e+01
5.890268999999999977e+01
5.864291000000000054e+01
5.839249999999999829e+01
5.815095000000000169e+01
5.791781000000000290e+01
5.769266999999999967e+01
5.747511000000000081e+01
5.726476999999999862e+01
5.706130999999999887e+01
5.686439000000000021e+01
5.667370999999999981e+01
5.648897999999999797e+01
5.630993000000000137e+01
5.613631000000000171e+01
5.596786999999999779e+01
5.580438999999999794e+01
5.564565999999999946e+01
5.361565000000000225e+01
5.351398999999999972e+01
5.341467999999999705e+01
5.331765000000000043e+01
5.322281000000000262e+01
5.313009999999999877e+01
5.303943999999999903e+01
5.295076999999999856e+01
5.286401999999999646e+01
5.277913999999999817e+01
6.085193000000000296e+01
6.048850000000000193e+01
6.014097999999999900e+01
5.980837999999999965e+01
5.948975999999999686e+01
5.918428999999999718e+01
5.889119000000000170e+01
5.860972999999999900e+01
5.833924999999999983e+01
5.807912000000000319e+01
5.782878000000000185e+01
5.758769000000000204e+01
5.735535999999999746e+01
5.713132000000000232e+01
5.691514999999999702e+01
5.670644000000000062e+01
5.650482000000000227e+01
5.630993000000000137e+01
5.612145999999999901e+01
5.593909000000000020e+01
5.576254000000000133e+01
5.559152999999999878e+01
5.542580999999999847e+01
5.526514000000000237e+01
5.510929999999999751e+01
5.495806999999999931e+01
5.481125999999999721e+01
5.466866999999999877e+01
5.453012999999999977e+01
5.413714999999999833e+01
5.293554999999999922e+01
5.284170000000000300e+01
5.275003999999999849e+01
5.266047999999999973e+01
5.257294999999999874e+01
5.248738999999999777e+01
5.240373000000000303e+01
5.232191000000000258e+01
5.224186999999999870e+01
5.216355000000000075e+01
5.208689999999999998e+01
5.919854999999999734e+01
5.857043000000000177e+01
5.827640000000000242e+01
5.799461999999999762e+01
5.772435999999999723e+01
5.746493000000000251e+01
5.721571999999999747e+01
5.697612999999999772e+01
5.674562999999999846e+01
5.652371999999999730e+01
5.630993000000000137e+01
5.610383000000000209e+01
5.590502000000000038e+01
5.571312000000000353e+01
5.552779000000000309e+01
5.534868000000000166e+01
5.517551000000000272e+01
5.500798000000000343e+01
5.484582000000000335e+01
5.468878999999999735e+01
5.453663999999999845e+01
5.438915000000000077e+01
5.424611000000000161e+01
5.410732999999999748e+01
5.397263000000000233e+01
5.384181000000000239e+01
5.371473000000000297e+01
5.359123000000000303e+01
5.347113999999999834e+01
5.335434999999999661e+01
5.324070999999999998e+01
5.313009999999999877e+01
5.243140999999999963e+01
5.234123000000000303e+01
5.225318999999999647e+01
5.216723999999999961e+01
5.208328999999999809e+01
5.200126999999999811e+01
5.192112000000000194e+01
5.184277000000000157e+01
5.176617000000000246e+01
5.169125999999999976e+01
5.161798999999999893e+01
5.154628999999999905e+01
5.147612000000000165e+01
5.140744000000000113e+01
5.789374000000000109e+01
5.760016000000000247e+01
5.731945000000000334e+01
5.705078000000000316e+01
5.679343000000000075e+01
5.654668999999999812e+01
5.630993000000000137e+01
5.608256999999999692e+01
5.586406000000000205e+01
5.565390000000000015e+01
5.545163000000000153e+01
5.525681999999999761e+01
5.506906000000000034e+01
5.488799000000000206e+01
5.471325000000000216e+01
5.454453000000000173e+01
5.438150999999999868e+01
5.422391999999999967e+01
5.407150000000000034e+01
5.392399000000000342e+01
5.378115999999999985e+01
5.364280000000000115e+01
5.350869999999999749e+01
5.337866999999999962e+01
5.325253000000000014e+01
5.313009999999999877e+01
5.301122999999999763e+01
5.289576999999999884e+01
5.278356000000000137e+01
5.267448000000000263e+01
5.256839999999999691e+01
5.246518999999999977e+01
5.236475000000000080e+01
5.226695000000000135e+01
5.217170999999999736e+01
5.207891999999999655e+01
5.198848999999999876e+01
5.173048000000000002e+01
5.164865000000000350e+01
5.156875999999999749e+01
5.149076999999999771e+01
5.141460000000000008e+01
5.134018999999999977e+01
5.126747999999999905e+01
5.119641000000000020e+01
5.112693000000000154e+01
5.105899000000000143e+01
5.099253000000000213e+01
5.092750000000000199e+01
5.086386999999999858e+01
5.080158999999999736e+01
5.685300000000000153e+01
5.630993000000000137e+01
5.605640999999999963e+01
5.581387999999999749e+01
5.558164000000000016e+01
5.535905000000000342e+01
5.514553999999999689e+01
5.494057000000000102e+01
5.474363999999999919e+01
5.455429000000000173e+01
5.437209000000000003e+01
5.419666000000000139e+01
5.402761000000000280e+01
5.386462000000000216e+01
5.370736999999999739e+01
5.355555999999999983e+01
5.340890999999999877e+01
5.326717000000000013e+01
5.313009999999999877e+01
5.299746999999999986e+01
5.286907999999999674e+01
5.274470999999999776e+01
5.262418999999999869e+01
5.250735000000000241e+01
5.239401000000000153e+01
5.228401999999999816e+01
5.217725000000000080e+01
5.207354000000000127e+01
5.197276999999999703e+01
5.187481999999999971e+01
5.177956999999999965e+01
5.168690999999999747e+01
5.159673999999999694e+01
5.150896000000000186e+01
5.142347000000000179e+01
5.134018999999999977e+01
5.125903999999999883e+01
5.117992000000000274e+01
5.110278000000000276e+01
5.102752999999999872e+01
5.095411000000000001e+01
5.088244999999999862e+01
5.081248000000000076e+01
5.074416000000000082e+01
5.067741999999999791e+01
5.061220000000000141e+01
5.054847000000000179e+01
5.048615999999999815e+01
5.042522999999999911e+01
5.036563000000000301e+01
5.030733000000000033e+01
5.025027000000000044e+01
5.019442999999999699e+01
5.013976000000000255e+01
5.008621999999999730e+01
5.549148000000000280e+01
5.524408999999999992e+01
5.500798000000000343e+01
5.478240999999999872e+01
5.456669000000000125e+01
5.436019000000000290e+01
5.416235000000000355e+01
5.397263000000000233e+01
5.379054000000000002e+01
5.361565000000000225e+01
5.344753000000000043e+01
5.328580000000000183e+01
5.313009999999999877e+01
5.298011000000000337e+01
5.283552999999999855e+01
5.269604999999999961e+01
5.256143000000000143e+01
5.243140999999999963e+01
5.230575999999999937e+01
5.218426999999999794e+01
5.206672999999999973e+01
5.195295999999999736e+01
5.184277000000000157e+01
5.173601000000000028e+01
5.163251000000000346e+01
5.153213999999999828e+01
5.143473999999999791e+01
5.134018999999999977e+01
5.124837000000000131e+01
5.115915999999999997e+01
5.107245999999999952e+01
5.098814999999999742e+01
5.090614000000000061e+01
5.082634000000000185e+01
5.074866000000000099e+01
5.067302000000000106e+01
5.059933999999999799e+01
5.052754000000000190e+01
5.045754999999999768e+01
5.038931000000000182e+01
5.032274999999999920e+01
5.025780999999999921e+01
5.019442999999999699e+01
5.013255000000000194e+01
5.007213000000000136e+01
5.001310999999999751e+01
4.995544999999999902e+01
4.989909000000000106e+01
4.984400000000000119e+01
4.979012999999999778e+01
4.963546000000000191e+01
4.958610000000000184e+01
4.953777000000000186e+01
4.949045000000000272e+01
4.944411000000000200e+01
5.411786000000000030e+01
5.390171999999999741e+01
5.369550000000000267e+01
5.349855999999999767e+01
5.331027999999999878e+01
5.313009999999999877e+01
5.295752999999999844e+01
5.279207999999999856e+01
5.263333000000000084e+01
5.248089000000000226e+01
5.233438000000000301e+01
5.219346999999999781e+01
5.205785000000000196e+01
5.192721999999999838e+01
5.180131000000000085e+01
5.167989000000000033e+01
5.156269999999999953e+01
5.144953000000000287e+01
5.134018999999999977e+01
5.123447999999999780e+01
5.113221999999999667e+01
5.103325000000000244e+01
5.093742000000000303e+01
5.084456999999999738e+01
5.075457000000000107e+01
5.066729000000000127e+01
5.058261000000000251e+01
5.050041000000000224e+01
5.042060000000000031e+01
5.034306000000000125e+01
5.026769999999999783e+01
5.019442999999999699e+01
5.012317000000000178e+01
5.005382999999999782e+01
4.998633000000000237e+01
4.992061999999999955e+01
4.985660000000000025e+01
4.979422999999999888e+01
4.973344000000000165e+01
4.967416000000000054e+01
4.961634999999999707e+01
4.955995000000000061e+01
4.950491000000000241e+01
4.945116999999999763e+01
4.939871000000000123e+01
4.934745999999999810e+01
4.929739000000000004e+01
4.924844999999999828e+01
4.920062000000000069e+01
4.915384999999999849e+01
4.897673000000000343e+01
4.893478000000000350e+01
4.889370999999999867e+01
4.885347999999999757e+01
5.273360000000000269e+01
5.237377000000000038e+01
5.220606000000000080e+01
5.204576999999999742e+01
5.189242000000000132e+01
5.174557999999999680e+01
5.160484000000000293e+01
5.146981999999999857e+01
5.134018999999999977e+01
5.121564000000000050e+01
5.109586000000000183e+01
5.098060000000000258e+01
5.086959999999999837e+01
5.076263000000000147e+01
5.065948000000000206e+01
5.055995000000000061e+01
5.046383999999999759e+01
5.037098999999999904e+01
5.028123999999999683e+01
5.019442999999999699e+01
5.011041999999999774e+01
5.002906999999999726e+01
4.995027000000000328e+01
4.987389999999999901e+01
4.979984000000000322e+01
4.972798999999999836e+01
4.965825000000000244e+01
4.959053999999999718e+01
4.952476999999999663e+01
4.946085000000000065e+01
4.939871000000000123e+01
4.933827000000000140e+01
4.927946000000000026e+01
4.922223000000000326e+01
4.916649999999999920e+01
4.911222999999999672e+01
4.905935000000000201e+01
4.900780000000000314e+01
4.895754999999999768e+01
4.890854000000000212e+01
4.886072999999999666e+01
4.881407000000000096e+01
4.876852999999999838e+01
4.872406000000000148e+01
4.868061999999999756e+01
4.863819000000000159e+01
4.859671999999999770e+01
4.855617999999999768e+01
4.851655000000000229e+01
4.836645999999999646e+01
4.833091999999999899e+01
4.829612000000000194e+01
4.826203000000000287e+01
4.822865000000000180e+01
5.134018999999999977e+01
5.118862000000000023e+01
5.104408999999999708e+01
5.090614000000000061e+01
5.077432999999999907e+01
5.064824999999999733e+01
5.052754000000000190e+01
5.041187000000000040e+01
5.030093000000000103e+01
5.019442999999999699e+01
5.009212000000000131e+01
4.999374000000000251e+01
4.989909000000000106e+01
4.980794999999999817e+01
4.972014000000000067e+01
4.963546000000000191e+01
4.955377000000000010e+01
4.947489999999999810e+01
4.939871000000000123e+01
4.932506000000000057e+01
4.925383999999999673e+01
4.918491999999999820e+01
4.911818999999999846e+01
4.905355000000000132e+01
4.899090999999999951e+01
4.893018000000000001e+01
4.887125999999999948e+01
4.881407000000000096e+01
4.875856000000000279e+01
4.870463000000000164e+01
4.865221999999999980e+01
4.860128000000000270e+01
4.855172999999999917e+01
4.850352999999999781e+01
4.845662000000000091e+01
4.841093999999999653e+01
4.836645999999999646e+01
4.832312000000000296e+01
4.828088000000000335e+01
4.823969999999999914e+01
4.819953999999999894e+01
4.816035999999999717e+01
4.812212999999999852e+01
4.808480999999999739e+01
4.804836999999999847e+01
4.801279000000000252e+01
4.797802000000000078e+01
4.794404999999999717e+01
4.791084000000000032e+01
4.787836999999999676e+01
4.784662000000000148e+01
4.781555999999999784e+01
4.778517000000000081e+01
4.775542000000000087e+01
4.772630999999999801e+01
4.769780999999999693e+01
4.766989000000000232e+01
4.764254999999999995e+01
4.761574999999999847e+01
4.758950000000000102e+01
4.756376999999999811e+01
4.970785000000000053e+01
4.960009999999999764e+01
4.949714999999999776e+01
4.939871000000000123e+01
4.930447000000000202e+01
4.921417999999999893e+01
4.912758999999999787e+01
4.904449000000000325e+01
4.896464999999999890e+01
4.888790999999999798e+01
4.881407000000000096e+01
4.874298999999999893e+01
4.867450000000000188e+01
4.860846999999999696e+01
4.854476999999999975e+01
4.848326999999999742e+01
4.842387000000000086e+01
4.836645999999999646e+01
4.831094000000000221e+01
4.825721999999999667e+01
4.820521999999999707e+01
4.815484000000000009e+01
4.810602999999999696e+01
4.805870000000000175e+01
4.801279000000000252e+01
4.796822999999999837e+01
4.792497999999999791e+01
4.788295999999999708e+01
4.784214000000000055e+01
4.780245000000000033e+01
4.776386000000000109e+01
4.772630999999999801e+01
4.768977000000000288e+01
4.765420000000000300e+01
4.761954999999999671e+01
4.758579000000000292e+01
4.755290000000000106e+01
4.752082999999999657e+01
4.748955000000000126e+01
4.745904000000000167e+01
4.742927000000000248e+01
4.740021000000000129e+01
4.737183999999999884e+01
4.734412999999999982e+01
4.731705999999999790e+01
4.729061000000000092e+01
4.726474999999999937e+01
4.723948000000000036e+01
4.721475999999999829e+01
4.719057000000000102e+01
4.716691000000000145e+01
4.714376000000000033e+01
4.712109999999999843e+01
4.709890999999999650e+01
4.707717000000000240e+01
4.705588999999999800e+01
4.703502999999999901e+01
4.701460000000000150e+01
4.699457000000000306e+01
4.697493000000000052e+01
4.828923999999999950e+01
4.821547999999999945e+01
4.814495999999999754e+01
4.807746000000000208e+01
4.801279000000000252e+01
4.795078000000000173e+01
4.789126999999999867e+01
4.783411000000000257e+01
4.777917000000000058e+01
4.772630999999999801e+01
4.767542999999999864e+01
4.762640999999999991e+01
4.757914999999999850e+01
4.753356000000000137e+01
4.748955000000000126e+01
4.744704999999999728e+01
4.740597000000000349e+01
4.736625000000000085e+01
4.732782000000000266e+01
4.729061000000000092e+01
4.725457000000000107e+01
4.721965999999999752e+01
4.718580000000000041e+01
4.715296000000000021e+01
4.712109999999999843e+01
4.709015999999999735e+01
4.706011000000000166e+01
4.703090999999999866e+01
4.700253000000000014e+01
4.697493000000000052e+01
4.694809000000000054e+01
4.692195999999999856e+01
4.689652000000000243e+01
4.687174000000000262e+01
4.684761000000000308e+01
4.682408999999999821e+01
4.680116000000000298e+01
4.677879999999999683e+01
4.675699000000000183e+01
4.673570000000000135e+01
4.671493000000000251e+01
4.669465000000000288e+01
4.667484000000000322e+01
4.665549000000000035e+01
4.663658000000000214e+01
4.661809000000000225e+01
4.660002000000000066e+01
4.658234999999999815e+01
4.656506999999999863e+01
4.654816000000000287e+01
4.653161000000000058e+01
4.651541000000000281e+01
4.649954999999999927e+01
4.646880000000000166e+01
4.645389999999999731e+01
4.643928999999999974e+01
4.642497000000000185e+01
4.641093999999999653e+01
4.707003000000000270e+01
4.697493000000000052e+01
4.693059000000000225e+01
4.688819000000000159e+01
4.684761000000000308e+01
4.680874000000000024e+01
4.677147000000000077e+01
4.673570000000000135e+01
4.670134999999999792e+01
4.666834000000000060e+01
4.663658000000000214e+01
4.660600000000000165e+01
4.657654999999999745e+01
4.654816000000000287e+01
4.652076999999999884e+01
4.649432999999999794e+01
4.646880000000000166e+01
4.644413000000000125e+01
4.642027000000000214e+01
4.639717999999999876e+01
4.637483000000000288e+01
4.635318999999999789e+01
4.633221999999999952e+01
4.631188999999999822e+01
4.629216999999999871e+01
4.627302999999999855e+01
4.625444999999999851e+01
4.623640999999999934e+01
4.621887999999999863e+01
4.620183000000000106e+01
4.618525999999999954e+01
4.616913999999999874e+01
4.615344999999999942e+01
4.613817999999999842e+01
4.612330000000000041e+01
4.610880999999999830e+01
4.609468999999999994e+01
4.608091999999999899e+01
4.606750000000000256e+01
4.605440000000000111e+01
4.604162999999999784e+01
4.602915000000000134e+01
4.601697999999999666e+01
4.600509000000000270e+01
4.599347000000000207e+01
4.598212000000000188e+01
4.597102000000000288e+01
4.596016999999999797e+01
4.594957000000000136e+01
4.593919000000000352e+01
4.592904000000000053e+01
4.591910000000000025e+01
4.590937999999999874e+01
4.587245999999999668e+01
4.586368999999999829e+01
4.585510000000000019e+01
4.567403999999999797e+01
4.565854000000000212e+01
4.564374999999999716e+01
4.562960000000000349e+01
4.561605999999999739e+01
4.560309000000000168e+01
4.559065999999999974e+01
4.557873000000000019e+01
4.556727000000000061e+01
4.555624999999999858e+01
4.554565999999999804e+01
4.553546000000000049e+01
4.552562999999999960e+01
4.551615999999999929e+01
4.550703000000000031e+01
4.549821000000000026e+01
4.548969999999999914e+01
4.548147000000000162e+01
4.547350999999999743e+01
4.546580999999999761e+01
4.545835999999999899e+01
4.545114000000000232e+01
4.544413999999999731e+01
4.543735999999999819e+01
4.543079000000000178e+01
4.542441000000000173e+01
4.541821000000000197e+01
4.541219000000000250e+01
4.540635000000000332e+01
4.540066000000000201e+01
4.539513999999999783e+01
4.538976000000000255e+01
4.538452999999999804e+01
4.537944000000000244e+01
4.537447999999999837e+01
4.536965000000000003e+01
4.536493999999999716e+01
4.536034999999999684e+01
4.535587000000000302e+01
4.535150000000000148e+01
4.534723999999999933e+01
4.534308000000000050e+01
4.533901999999999788e+01
4.533505999999999858e+01
4.533118999999999943e+01
4.532739999999999725e+01
4.532370000000000232e+01
4.532007999999999726e+01
4.531654999999999944e+01
4.531309000000000253e+01
4.530969999999999942e+01
4.530639000000000038e+01
4.529084000000000287e+01
4.528791999999999973e+01
4.430971999999999866e+01
4.432596000000000203e+01
4.434145999999999788e+01
4.435625000000000284e+01
4.437039999999999651e+01
4.438394000000000261e+01
4.439690999999999832e+01
4.440934000000000026e+01
4.442126999999999981e+01
4.443272999999999939e+01
4.444375000000000142e+01
4.445434000000000196e+01
4.446453999999999951e+01
4.447437000000000040e+01
4.448384000000000071e+01
4.449296999999999969e+01
4.450178999999999974e+01
4.451030000000000086e+01
4.451852999999999838e+01
4.452649000000000257e+01
4.453419000000000239e+01
4.454164000000000101e+01
4.454885999999999768e+01
4.455586000000000269e+01
4.456264000000000181e+01
4.456920999999999822e+01
4.457558999999999827e+01
4.458178999999999803e+01
4.458780999999999750e+01
4.459364999999999668e+01
4.459933999999999799e+01
4.460486000000000217e+01
4.461023999999999745e+01
4.461547000000000196e+01
4.462055999999999756e+01
4.462552000000000163e+01
4.463034999999999997e+01
4.463506000000000284e+01
4.463965000000000316e+01
4.464412999999999698e+01
4.464849999999999852e+01
4.465276000000000067e+01
4.465691999999999950e+01
4.466098000000000212e+01
4.466494000000000142e+01
4.466881000000000057e+01
4.467260000000000275e+01
4.467629999999999768e+01
4.467992000000000274e+01
4.468345000000000056e+01
4.468690999999999747e+01
4.469030000000000058e+01
4.469360999999999962e+01
4.292996999999999730e+01
4.297863999999999862e+01
4.302506999999999948e+01
4.306940999999999775e+01
4.311180999999999841e+01
4.315238999999999692e+01
4.319125999999999976e+01
4.322852999999999923e+01
4.326429999999999865e+01
4.329865000000000208e+01
4.333165999999999940e+01
4.336341999999999786e+01
4.339399999999999835e+01
4.342345000000000255e+01
4.345183999999999713e+01
4.347923000000000116e+01
4.350567000000000206e+01
4.353119999999999834e+01
4.355586999999999875e+01
4.357972999999999786e+01
4.360282000000000124e+01
4.362516999999999712e+01
4.364681000000000211e+01
4.366778000000000048e+01
4.368811000000000178e+01
4.370783000000000129e+01
4.372697000000000145e+01
4.374555000000000149e+01
4.376359000000000066e+01
4.378112000000000137e+01
4.379816999999999894e+01
4.381474000000000046e+01
4.383086000000000126e+01
4.384655000000000058e+01
4.386182000000000158e+01
4.387669999999999959e+01
4.389119000000000170e+01
4.390531000000000006e+01
4.391908000000000101e+01
4.393249999999999744e+01
4.394559999999999889e+01
4.395837000000000216e+01
4.397084999999999866e+01
4.398302000000000334e+01
4.399490999999999730e+01
4.400652999999999793e+01
4.401787999999999812e+01
4.402897999999999712e+01
4.403983000000000203e+01
4.405042999999999864e+01
4.406080999999999648e+01
4.407095999999999947e+01
4.408089999999999975e+01
4.410014000000000323e+01
4.410945999999999856e+01
4.411860000000000070e+01
4.414489999999999981e+01
4.415332999999999686e+01
4.416158999999999679e+01
4.416967999999999961e+01
4.155261000000000138e+01
4.163354000000000354e+01
4.171076000000000050e+01
4.178452000000000055e+01
4.185504000000000246e+01
4.192253999999999792e+01
4.198720999999999748e+01
4.204921999999999827e+01
4.210873000000000133e+01
4.216588999999999743e+01
4.222082999999999942e+01
4.227369000000000199e+01
4.232457000000000136e+01
4.237359000000000009e+01
4.242085000000000150e+01
4.246643999999999863e+01
4.251044999999999874e+01
4.255295000000000272e+01
4.259402999999999651e+01
4.263374999999999915e+01
4.267217999999999734e+01
4.270938999999999908e+01
4.274542999999999893e+01
4.278034000000000248e+01
4.281419999999999959e+01
4.284703999999999979e+01
4.287890000000000157e+01
4.290984000000000265e+01
4.293988999999999834e+01
4.296909000000000134e+01
4.299746999999999986e+01
4.302506999999999948e+01
4.305190999999999946e+01
4.307804000000000144e+01
4.310347999999999757e+01
4.312825999999999738e+01
4.315238999999999692e+01
4.317591000000000179e+01
4.319883999999999702e+01
4.322120000000000317e+01
4.324300999999999817e+01
4.326429999999999865e+01
4.328506999999999749e+01
4.330534999999999712e+01
4.332515999999999678e+01
4.334450999999999965e+01
4.336341999999999786e+01
4.338190999999999775e+01
4.339997999999999934e+01
4.341765000000000185e+01
4.343493000000000137e+01
4.345183999999999713e+01
4.346838999999999942e+01
4.348458999999999719e+01
4.350045000000000073e+01
4.351599000000000217e+01
4.353119999999999834e+01
4.354610000000000269e+01
4.356071000000000026e+01
4.357502999999999815e+01
4.358906000000000347e+01
4.360282000000000124e+01
4.361630999999999858e+01
4.017922999999999689e+01
4.029214999999999947e+01
4.039990000000000236e+01
4.050285000000000224e+01
4.060128999999999877e+01
4.069552999999999798e+01
4.078582000000000107e+01
4.087241000000000213e+01
4.095550999999999675e+01
4.103535000000000110e+01
4.111209000000000202e+01
4.118592999999999904e+01
4.125701000000000107e+01
4.132549999999999812e+01
4.139153000000000304e+01
4.145523000000000025e+01
4.151673000000000258e+01
4.157612999999999914e+01
4.163354000000000354e+01
4.168905999999999779e+01
4.174278000000000333e+01
4.179478000000000293e+01
4.184515999999999991e+01
4.189397000000000304e+01
4.194129999999999825e+01
4.198720999999999748e+01
4.203177000000000163e+01
4.207502000000000209e+01
4.211704000000000292e+01
4.215785999999999945e+01
4.219754999999999967e+01
4.223613999999999891e+01
4.227369000000000199e+01
4.231022999999999712e+01
4.234579999999999700e+01
4.238045000000000329e+01
4.241420999999999708e+01
4.244709999999999894e+01
4.247917000000000343e+01
4.251044999999999874e+01
4.254095999999999833e+01
4.257072999999999752e+01
4.259978999999999871e+01
4.262816000000000116e+01
4.265587000000000018e+01
4.268294000000000210e+01
4.270938999999999908e+01
4.273525000000000063e+01
4.276051999999999964e+01
4.278524000000000171e+01
4.280942999999999898e+01
4.283308999999999855e+01
4.285623999999999967e+01
4.287890000000000157e+01
4.290109000000000350e+01
4.292282999999999760e+01
4.294411000000000200e+01
4.296497000000000099e+01
4.298539999999999850e+01
4.300542999999999694e+01
4.302506999999999948e+01
4.304431999999999903e+01
4.306320000000000192e+01
3.895591000000000292e+01
3.909385999999999939e+01
3.922567000000000093e+01
3.935175000000000267e+01
3.947245999999999810e+01
3.958812999999999960e+01
3.969906999999999897e+01
3.980557000000000301e+01
3.990787999999999869e+01
4.000625999999999749e+01
4.010090999999999894e+01
4.019205000000000183e+01
4.027985999999999933e+01
4.036453999999999809e+01
4.044622999999999990e+01
4.052510000000000190e+01
4.060128999999999877e+01
4.067493999999999943e+01
4.074616000000000327e+01
4.081508000000000180e+01
4.088181000000000154e+01
4.094644999999999868e+01
4.100909000000000049e+01
4.106981999999999999e+01
4.112874000000000052e+01
4.118592999999999904e+01
4.124143999999999721e+01
4.129536999999999836e+01
4.134778000000000020e+01
4.139871999999999730e+01
4.144827000000000083e+01
4.149647000000000219e+01
4.154337999999999909e+01
4.158906000000000347e+01
4.163354000000000354e+01
4.167687999999999704e+01
4.171911999999999665e+01
4.176030000000000086e+01
4.180046000000000106e+01
4.183964000000000283e+01
4.187787000000000148e+01
4.191519000000000261e+01
4.195163000000000153e+01
4.198720999999999748e+01
4.202197999999999922e+01
4.205595000000000283e+01
4.208915999999999968e+01
4.212163000000000324e+01
4.215337999999999852e+01
4.218444000000000216e+01
4.221482999999999919e+01
4.224457999999999913e+01
4.227369000000000199e+01
4.230219000000000307e+01
4.233010999999999768e+01
4.235745000000000005e+01
4.238425000000000153e+01
4.241049999999999898e+01
4.243623000000000189e+01
4.246146000000000242e+01
4.248619000000000057e+01
3.762622999999999962e+01
3.779393999999999920e+01
3.795423000000000258e+01
3.810757999999999868e+01
3.825442000000000320e+01
3.839515999999999707e+01
3.853018000000000143e+01
3.865981000000000023e+01
3.878435999999999950e+01
3.890413999999999817e+01
3.901939999999999742e+01
3.913040000000000163e+01
3.923736999999999853e+01
3.934051999999999794e+01
3.944004999999999939e+01
3.953616000000000241e+01
3.962901000000000096e+01
3.971876000000000317e+01
3.980557000000000301e+01
3.988958000000000226e+01
3.997093000000000274e+01
4.004972999999999672e+01
4.012610000000000099e+01
4.020015999999999678e+01
4.027201000000000164e+01
4.034174999999999756e+01
4.040946000000000282e+01
4.047523000000000337e+01
4.053914999999999935e+01
4.060128999999999877e+01
4.066172999999999860e+01
4.072053999999999974e+01
4.077776999999999674e+01
4.083350000000000080e+01
4.088777000000000328e+01
4.094064999999999799e+01
4.099219999999999686e+01
4.104245000000000232e+01
4.109145999999999788e+01
4.113927000000000334e+01
4.118592999999999904e+01
4.123147000000000162e+01
4.127593999999999852e+01
4.131938000000000244e+01
4.136180999999999841e+01
4.140328000000000230e+01
4.144382000000000232e+01
4.148344999999999771e+01
4.152221000000000117e+01
4.156013000000000090e+01
4.159723000000000326e+01
4.163354000000000354e+01
4.166908000000000101e+01
4.170387999999999806e+01
4.173796999999999713e+01
4.177134999999999820e+01
4.180405999999999977e+01
4.183612000000000108e+01
4.186753000000000213e+01
4.189833999999999747e+01
4.192853999999999814e+01
4.195815999999999946e+01
3.630449999999999733e+01
3.650144000000000233e+01
3.668972000000000122e+01
3.686990000000000123e+01
3.704247000000000156e+01
3.720792000000000144e+01
3.736666999999999916e+01
3.751910999999999774e+01
3.766561999999999699e+01
3.780653000000000219e+01
3.794214999999999804e+01
3.807278000000000162e+01
3.819868999999999915e+01
3.832010999999999967e+01
3.843730000000000047e+01
3.855046999999999713e+01
3.865981000000000023e+01
3.876552000000000220e+01
3.886778000000000333e+01
3.896674999999999756e+01
3.906257999999999697e+01
3.915543000000000262e+01
3.924542999999999893e+01
3.933270999999999873e+01
3.941738999999999749e+01
3.949958999999999776e+01
3.957939999999999969e+01
3.965693999999999875e+01
3.973230000000000217e+01
3.980557000000000301e+01
3.987682999999999822e+01
3.994617000000000218e+01
4.001366999999999763e+01
4.007938000000000045e+01
4.014339999999999975e+01
4.020577000000000112e+01
4.026655999999999835e+01
4.032583999999999946e+01
4.038365000000000293e+01
4.044004999999999939e+01
4.049508999999999759e+01
4.054883000000000237e+01
4.060128999999999877e+01
4.065254000000000190e+01
4.070260999999999996e+01
4.075155000000000172e+01
4.079937999999999931e+01
4.084615000000000151e+01
4.089188999999999652e+01
4.093663000000000096e+01
4.098042000000000229e+01
4.102326999999999657e+01
4.106521999999999650e+01
4.110629000000000133e+01
4.114652000000000243e+01
4.118592999999999904e+01
4.122453000000000145e+01
4.126236999999999711e+01
4.133581999999999823e+01
4.137147000000000219e+01
4.140643000000000029e+01
4.144073000000000206e+01
3.499201999999999657e+01
3.521759000000000128e+01
3.543330999999999875e+01
3.563980999999999710e+01
3.583764999999999645e+01
3.602736999999999767e+01
3.620945999999999998e+01
3.638434999999999775e+01
3.655246999999999957e+01
3.671419999999999817e+01
3.686990000000000123e+01
3.701988999999999663e+01
3.716447000000000145e+01
3.730395000000000039e+01
3.743856999999999857e+01
3.756859000000000037e+01
3.769424000000000063e+01
3.781573000000000206e+01
3.793327000000000027e+01
3.804704000000000264e+01
3.815722999999999843e+01
3.826398999999999972e+01
3.836748999999999654e+01
3.846786000000000172e+01
3.856526000000000209e+01
3.865981000000000023e+01
3.875162999999999869e+01
3.884084000000000003e+01
3.892754000000000048e+01
3.901185000000000258e+01
3.909385999999999939e+01
3.917365999999999815e+01
3.925133999999999901e+01
3.932697999999999894e+01
3.940066000000000201e+01
3.947245999999999810e+01
3.954245000000000232e+01
3.961068999999999818e+01
3.967725000000000080e+01
3.974219000000000079e+01
3.980557000000000301e+01
3.986744999999999806e+01
3.992786999999999864e+01
3.998689000000000249e+01
4.004455000000000098e+01
4.010090999999999894e+01
4.015599999999999881e+01
4.020987000000000222e+01
4.026256000000000057e+01
4.031410000000000338e+01
4.036453999999999809e+01
4.041389999999999816e+01
4.046222999999999814e+01
4.050954999999999728e+01
4.055588999999999800e+01
4.085537999999999670e+01
4.089489999999999981e+01
3.369006999999999863e+01
3.394359000000000037e+01
3.418612000000000251e+01
3.441835999999999984e+01
3.464094999999999658e+01
3.485446000000000311e+01
3.505942999999999898e+01
3.525636000000000081e+01
3.544570999999999827e+01
3.562790999999999997e+01
3.580333999999999861e+01
3.597238999999999720e+01
3.613537999999999784e+01
3.629263000000000261e+01
3.644444000000000017e+01
3.659109000000000123e+01
3.673282999999999987e+01
3.686990000000000123e+01
3.700253000000000014e+01
3.713092000000000326e+01
3.725529000000000224e+01
3.737581000000000131e+01
3.749264999999999759e+01
3.760598999999999847e+01
3.771598000000000184e+01
3.782274999999999920e+01
3.792645999999999873e+01
3.802723000000000297e+01
3.812518000000000029e+01
3.822043000000000035e+01
3.831309000000000253e+01
3.840326000000000306e+01
3.849103999999999814e+01
3.857652999999999821e+01
3.865981000000000023e+01
3.874096000000000117e+01
3.882007999999999726e+01
3.889721999999999724e+01
3.897247000000000128e+01
3.904588999999999999e+01
3.911755000000000138e+01
3.918751999999999924e+01
3.925583999999999918e+01
3.932258000000000209e+01
3.938779999999999859e+01
3.945152999999999821e+01
3.951384000000000185e+01
3.957477000000000089e+01
3.963436999999999699e+01
3.969266999999999967e+01
3.974972999999999956e+01
3.980557000000000301e+01
3.986023999999999745e+01
3.991378000000000270e+01
4.030508999999999986e+01
4.034982000000000113e+01
4.039370000000000260e+01
3.239983999999999753e+01
3.268054999999999666e+01
3.294921999999999684e+01
3.320656999999999925e+01
3.345331000000000188e+01
3.369006999999999863e+01
3.391743000000000308e+01
3.413593999999999795e+01
3.434609999999999985e+01
3.454836999999999847e+01
3.474318000000000239e+01
3.493093999999999966e+01
3.511200999999999794e+01
3.528674999999999784e+01
3.545546999999999827e+01
3.561849000000000132e+01
3.577608000000000033e+01
3.592849999999999966e+01
3.607600999999999658e+01
3.621884000000000015e+01
3.635719999999999885e+01
3.649130000000000251e+01
3.662133000000000038e+01
3.674746999999999986e+01
3.686990000000000123e+01
3.698877000000000237e+01
3.710423000000000116e+01
3.721643999999999863e+01
3.732551999999999737e+01
3.743160000000000309e+01
3.753481000000000023e+01
3.763524999999999920e+01
3.773304999999999865e+01
3.782829000000000264e+01
3.792108000000000345e+01
3.801151000000000124e+01
3.809967000000000326e+01
3.818565000000000254e+01
3.826951999999999998e+01
3.835134999999999650e+01
3.843124000000000251e+01
3.850923000000000229e+01
3.858539999999999992e+01
3.865981000000000023e+01
3.873252000000000095e+01
3.880358999999999980e+01
3.887306999999999846e+01
3.894100999999999857e+01
3.900746999999999787e+01
3.907249999999999801e+01
3.913613000000000142e+01
3.919841000000000264e+01
3.925939000000000334e+01
3.980557000000000301e+01
3.985454000000000008e+01
3.990259999999999962e+01
4.004155000000000086e+01
4.008619999999999806e+01
3.112246999999999986e+01
3.142956999999999823e+01
3.172360000000000113e+01
3.200538000000000238e+01
3.227564000000000277e+01
3.253506999999999749e+01
3.278428000000000253e+01
3.302387000000000228e+01
3.325437000000000154e+01
3.347628000000000270e+01
3.369006999999999863e+01
3.389616999999999791e+01
3.409497999999999962e+01
3.428687999999999647e+01
3.447220999999999691e+01
3.465131999999999834e+01
3.482448999999999728e+01
3.499201999999999657e+01
3.515417999999999665e+01
3.531121000000000265e+01
3.546336000000000155e+01
3.561084999999999923e+01
3.575388999999999839e+01
3.589267000000000252e+01
3.602736999999999767e+01
3.615818999999999761e+01
3.628526999999999703e+01
3.640876999999999697e+01
3.652886000000000166e+01
3.664565000000000339e+01
3.675929000000000002e+01
3.686990000000000123e+01
3.697760000000000247e+01
3.708250000000000313e+01
3.718471000000000259e+01
3.728432999999999709e+01
3.738145000000000095e+01
3.747617999999999938e+01
3.756859000000000037e+01
3.765876999999999697e+01
3.774681000000000353e+01
3.783276000000000039e+01
3.791671000000000191e+01
3.799873000000000189e+01
3.807887999999999806e+01
3.815722999999999843e+01
3.823382999999999754e+01
3.830874000000000024e+01
3.838201000000000107e+01
3.845371000000000095e+01
3.852387999999999835e+01
3.859255999999999887e+01
3.926227000000000089e+01
3.931629000000000218e+01
3.936932000000000187e+01
3.942135999999999996e+01
3.947245999999999810e+01
3.952262999999999948e+01
3.957189999999999941e+01
2.985902000000000100e+01
3.019162000000000035e+01
3.051023999999999958e+01
3.081570999999999927e+01
3.110880999999999830e+01
3.139027000000000100e+01
3.166075000000000017e+01
3.192088000000000036e+01
3.217121999999999815e+01
3.241230999999999796e+01
3.264464000000000254e+01
3.286867999999999768e+01
3.308485000000000298e+01
3.329355999999999938e+01
3.349517999999999773e+01
3.369006999999999863e+01
3.387854000000000099e+01
3.406090999999999980e+01
3.423745999999999867e+01
3.440847000000000122e+01
3.457419000000000153e+01
3.473485999999999763e+01
3.489070000000000249e+01
3.504193000000000069e+01
3.518874000000000279e+01
3.533133000000000123e+01
3.546987000000000023e+01
3.560452999999999690e+01
3.573548000000000258e+01
3.586285000000000167e+01
3.598680000000000234e+01
3.610745000000000005e+01
3.622493999999999659e+01
3.633939999999999770e+01
3.645092000000000354e+01
3.655962999999999852e+01
3.666564000000000334e+01
3.676901999999999759e+01
3.686990000000000123e+01
3.696833999999999776e+01
3.706445000000000078e+01
3.715829999999999700e+01
3.724996000000000151e+01
3.733952000000000027e+01
3.742705000000000126e+01
3.751261000000000223e+01
3.759626999999999697e+01
3.767808999999999742e+01
3.775813000000000130e+01
3.783644999999999925e+01
3.791310000000000002e+01
3.877904999999999802e+01
3.883700999999999937e+01
3.889390999999999821e+01
3.894975999999999772e+01
3.900460999999999956e+01
3.905848000000000297e+01
2.861045999999999978e+01
2.896765999999999863e+01
2.931000999999999834e+01
2.963838000000000150e+01
2.995361000000000118e+01
3.025644000000000133e+01
3.054757000000000033e+01
3.082766000000000162e+01
3.109731000000000023e+01
3.135708999999999946e+01
3.160750000000000171e+01
3.184904999999999831e+01
3.208218999999999710e+01
3.230733000000000033e+01
3.252488999999999919e+01
3.273523000000000138e+01
3.293869000000000113e+01
3.313560999999999979e+01
3.332629000000000019e+01
3.351102000000000203e+01
3.369006999999999863e+01
3.386368999999999829e+01
3.403213000000000221e+01
3.419561000000000206e+01
3.435434000000000054e+01
3.450851999999999720e+01
3.465834999999999866e+01
3.480400999999999812e+01
3.494565999999999661e+01
3.508346999999999838e+01
3.521759000000000128e+01
3.534817000000000320e+01
3.547532999999999959e+01
3.559922000000000253e+01
3.571994999999999720e+01
3.583764999999999645e+01
3.595242999999999967e+01
3.606439000000000306e+01
3.617363000000000284e+01
3.628025000000000233e+01
3.638434999999999775e+01
3.648601000000000028e+01
3.658532000000000295e+01
3.668234999999999957e+01
3.677718999999999738e+01
3.686990000000000123e+01
3.696056000000000097e+01
3.704923000000000144e+01
3.713598000000000354e+01
3.722086000000000183e+01
3.817884999999999707e+01
3.824289999999999878e+01
3.830577000000000254e+01
3.836748999999999654e+01
3.842808000000000135e+01
3.848758000000000123e+01
2.737770000000000081e+01
2.775853999999999999e+01
2.812374000000000152e+01
2.847419999999999973e+01
2.881079000000000079e+01
2.913429000000000002e+01
2.944543000000000177e+01
2.974487999999999843e+01
3.003328000000000131e+01
3.031120999999999910e+01
3.057922999999999902e+01
3.083783000000000030e+01
3.108751000000000175e+01
3.132869000000000170e+01
3.156181000000000125e+01
3.178725000000000023e+01
3.200538000000000238e+01
3.221654999999999802e+01
3.242105999999999710e+01
3.261923999999999779e+01
3.281136999999999659e+01
3.299770999999999788e+01
3.317851000000000283e+01
3.335403000000000162e+01
3.352447000000000088e+01
3.369006999999999863e+01
3.385101000000000226e+01
3.400748999999999711e+01
3.415968999999999767e+01
3.430778999999999712e+01
3.445192999999999728e+01
3.459228999999999843e+01
3.472899999999999920e+01
3.486220000000000141e+01
3.499201999999999657e+01
3.511858999999999753e+01
3.524204000000000292e+01
3.536245999999999867e+01
3.547997999999999763e+01
3.559468999999999994e+01
3.570669000000000182e+01
3.581607999999999947e+01
3.592295000000000016e+01
3.602736999999999767e+01
3.612944000000000244e+01
3.622923999999999722e+01
3.632683000000000106e+01
3.642228000000000065e+01
3.651568000000000325e+01
3.763891999999999882e+01
3.770794000000000068e+01
3.777568000000000126e+01
3.784219000000000221e+01
3.790747999999999962e+01
3.797160000000000224e+01
2.656504999999999939e+01
2.695217999999999847e+01
2.732388999999999868e+01
2.768105999999999867e+01
2.802449999999999974e+01
2.835495999999999839e+01
2.867314999999999969e+01
2.897971000000000075e+01
2.927524999999999977e+01
2.956034999999999968e+01
2.983554000000000173e+01
3.010129999999999839e+01
3.035811999999999955e+01
3.060641000000000034e+01
3.084658999999999907e+01
3.107903999999999911e+01
3.130412000000000106e+01
3.152217999999999876e+01
3.173351999999999862e+01
3.193844999999999956e+01
3.213725000000000165e+01
3.233019000000000176e+01
3.251751000000000147e+01
3.269946000000000197e+01
3.287626000000000204e+01
3.304811999999999728e+01
3.321524999999999750e+01
3.337783000000000300e+01
3.353605000000000302e+01
3.369006999999999863e+01
3.384006000000000114e+01
3.398617000000000132e+01
3.412854999999999706e+01
3.426733999999999725e+01
3.440265999999999735e+01
3.453466000000000236e+01
3.466344999999999743e+01
3.478913000000000011e+01
3.491183000000000192e+01
3.503164000000000300e+01
3.514867000000000274e+01
3.526301000000000130e+01
3.537474999999999881e+01
3.548398000000000252e+01
3.559078000000000230e+01
3.569523000000000224e+01
3.579740000000000322e+01
3.702496000000000009e+01
3.710031000000000034e+01
3.717425000000000068e+01
3.724683999999999884e+01
3.731810000000000116e+01
3.738806000000000296e+01
3.765570000000000306e+01
3.771970999999999918e+01
2.579602999999999824e+01
2.618811000000000178e+01
2.656504999999999939e+01
2.692767999999999873e+01
2.727675999999999945e+01
2.761302999999999841e+01
2.793713999999999942e+01
2.824973999999999918e+01
2.855139000000000138e+01
2.884265999999999863e+01
2.912405000000000044e+01
2.939604999999999890e+01
2.965910999999999831e+01
2.991365000000000052e+01
3.016006000000000142e+01
3.039873000000000047e+01
3.062999999999999901e+01
3.085419999999999874e+01
3.107166000000000139e+01
3.128265000000000029e+01
3.148746999999999829e+01
3.168637000000000015e+01
3.187959999999999994e+01
3.206739000000000317e+01
3.224996999999999758e+01
3.242754999999999654e+01
3.260032999999999959e+01
3.276850000000000307e+01
3.293222999999999701e+01
3.309170000000000300e+01
3.324707000000000079e+01
3.339849000000000245e+01
3.354610999999999876e+01
3.369006999999999863e+01
3.383050000000000068e+01
3.396752999999999645e+01
3.410126999999999953e+01
3.423185999999999751e+01
3.435938000000000159e+01
3.448395000000000010e+01
3.460567999999999955e+01
3.472464000000000084e+01
3.484094000000000335e+01
3.495467000000000013e+01
3.506589999999999918e+01
3.517472000000000065e+01
3.648277000000000214e+01
3.656309999999999860e+01
3.664193000000000211e+01
3.671932000000000329e+01
3.679529000000000138e+01
3.715529999999999688e+01
3.722357000000000227e+01
2.465589999999999904e+01
2.506746000000000052e+01
2.546334999999999837e+01
2.584439000000000064e+01
2.621137999999999835e+01
2.656504999999999939e+01
2.690608999999999895e+01
2.723515000000000086e+01
2.755281000000000091e+01
2.785964999999999847e+01
2.815618999999999872e+01
2.844293000000000049e+01
2.872033000000000058e+01
2.898882000000000048e+01
2.924883000000000166e+01
2.950072000000000116e+01
2.974487999999999843e+01
2.998163999999999874e+01
3.021132000000000062e+01
3.043423999999999907e+01
3.065067000000000164e+01
3.086089000000000127e+01
3.106515999999999877e+01
3.126372999999999891e+01
3.145682000000000045e+01
3.164465999999999823e+01
3.182744999999999891e+01
3.200538000000000238e+01
3.217866000000000071e+01
3.234743999999999886e+01
3.251191000000000031e+01
3.267222999999999900e+01
3.282853999999999672e+01
3.298100000000000165e+01
3.312973999999999819e+01
3.327488999999999919e+01
3.341658000000000328e+01
3.355494000000000199e+01
3.369006999999999863e+01
3.382209000000000287e+01
3.395109000000000066e+01
3.407719999999999771e+01
3.420047999999999888e+01
3.432104999999999961e+01
3.443898999999999688e+01
3.594210999999999956e+01
3.602736999999999767e+01
3.611106000000000193e+01
3.619321000000000055e+01
3.627385999999999910e+01
3.635307000000000244e+01
3.643086000000000269e+01
3.650726999999999833e+01
3.658234000000000208e+01
3.665610999999999819e+01
3.672860000000000014e+01
2.308512999999999948e+01
2.353235000000000099e+01
2.396248999999999896e+01
2.437647000000000119e+01
2.477514000000000038e+01
2.515930000000000177e+01
2.552969999999999828e+01
2.588702999999999932e+01
2.623194000000000159e+01
2.656504999999999939e+01
2.688692999999999955e+01
2.719812999999999903e+01
2.749914000000000058e+01
2.779044000000000025e+01
2.807248999999999839e+01
2.834569000000000116e+01
2.861045999999999978e+01
2.886715999999999838e+01
2.911615000000000109e+01
2.935774999999999935e+01
2.959230000000000160e+01
2.982007000000000119e+01
3.004136000000000095e+01
3.025644000000000133e+01
3.046554000000000073e+01
3.066892999999999958e+01
3.086681000000000097e+01
3.105940999999999974e+01
3.124692999999999898e+01
3.142956999999999823e+01
3.160750000000000171e+01
3.178091999999999828e+01
3.194997000000000043e+01
3.211482999999999777e+01
3.227564000000000277e+01
3.243256000000000228e+01
3.258570999999999884e+01
3.273523000000000138e+01
3.288123999999999825e+01
3.302387000000000228e+01
3.316322000000000259e+01
3.329941999999999780e+01
3.343256000000000228e+01
3.356273999999999802e+01
3.369006999999999863e+01
3.381461999999999790e+01
3.531121000000000265e+01
3.540308000000000277e+01
3.549322999999999695e+01
3.558171999999999713e+01
3.566859000000000179e+01
3.575388999999999839e+01
3.583764999999999645e+01
3.591993000000000080e+01
3.600074999999999648e+01
3.608015999999999934e+01
3.615818999999999761e+01
2.147679000000000116e+01
2.196056000000000097e+01
2.242586000000000013e+01
2.287367000000000061e+01
2.330489000000000033e+01
2.372040000000000148e+01
2.412097999999999942e+01
2.450741000000000014e+01
2.488036999999999921e+01
2.524052999999999969e+01
2.558850999999999942e+01
2.592490000000000094e+01
2.625024000000000157e+01
2.656504999999999939e+01
2.686981000000000108e+01
2.716498999999999953e+01
2.745100000000000051e+01
2.772825999999999880e+01
2.799715000000000131e+01
2.825803000000000154e+01
2.851125000000000043e+01
2.875712000000000046e+01
2.899596000000000018e+01
2.922804999999999964e+01
2.945366999999999891e+01
2.967307999999999879e+01
2.988653000000000048e+01
3.009423999999999921e+01
3.029645000000000010e+01
3.049335999999999913e+01
3.068516999999999939e+01
3.087208000000000041e+01
3.105426999999999893e+01
3.123190999999999917e+01
3.140515999999999863e+01
3.157419000000000153e+01
3.173913999999999902e+01
3.190015999999999963e+01
3.205738000000000198e+01
3.221092999999999762e+01
3.236093999999999937e+01
3.250751999999999953e+01
3.265079999999999671e+01
3.279088000000000136e+01
3.292786000000000257e+01
3.306184999999999974e+01
3.467031999999999670e+01
3.476895999999999987e+01
3.486574999999999847e+01
3.496074999999999733e+01
3.505400000000000205e+01
3.514555000000000007e+01
3.523543999999999699e+01
3.532372999999999763e+01
3.541044999999999732e+01
3.549564000000000163e+01
2.035322999999999993e+01
2.085445999999999955e+01
2.133686000000000149e+01
2.180141000000000062e+01
2.224902000000000157e+01
2.388650000000000162e+01
2.426128999999999891e+01
2.462356000000000122e+01
2.497391000000000005e+01
2.531287999999999982e+01
2.564101000000000141e+01
2.595877000000000123e+01
2.626663999999999888e+01
2.656504999999999939e+01
2.685442000000000107e+01
2.713513999999999982e+01
2.740757999999999939e+01
2.767208000000000112e+01
2.792897999999999925e+01
2.817858999999999980e+01
2.842120999999999853e+01
2.865711999999999904e+01
2.888657999999999859e+01
2.910986000000000118e+01
2.932717999999999847e+01
2.953877999999999915e+01
2.974487999999999843e+01
2.994567999999999941e+01
3.014139000000000124e+01
3.033218000000000103e+01
3.051822999999999908e+01
3.069971999999999923e+01
3.087680999999999898e+01
3.104965999999999937e+01
3.121839999999999904e+01
3.138318999999999903e+01
3.154416000000000153e+01
3.170142999999999844e+01
3.185512999999999906e+01
3.200538000000000238e+01
3.215229999999999677e+01
3.401935000000000286e+01
3.412494000000000227e+01
3.422854999999999848e+01
3.462416000000000338e+01
3.471860999999999819e+01
3.499201999999999657e+01
2.329456000000000060e+01
2.367053999999999903e+01
2.403428999999999860e+01
2.438636999999999944e+01
2.472730999999999923e+01
2.505762000000000000e+01
2.537773999999999930e+01
2.568814000000000064e+01
2.598922999999999917e+01
2.628141000000000105e+01
2.656504999999999939e+01
2.684050999999999831e+01
2.710811999999999955e+01
2.736821000000000126e+01
2.762106999999999957e+01
2.786700000000000088e+01
2.810626999999999853e+01
2.833913000000000082e+01
2.856584000000000145e+01
2.878661999999999921e+01
2.900169999999999959e+01
2.921129000000000175e+01
2.941560000000000130e+01
2.961480999999999852e+01
2.980911000000000044e+01
2.999868000000000023e+01
3.018367999999999896e+01
3.036427000000000120e+01
3.054060000000000130e+01
3.071283000000000030e+01
3.088108000000000075e+01
3.104549000000000092e+01
3.120618999999999943e+01
3.136329999999999885e+01
3.151694000000000173e+01
3.347095999999999805e+01
3.358155000000000001e+01
1.970797999999999917e+01
2.018580000000000041e+01
2.064698999999999884e+01
2.109234000000000009e+01
2.193847999999999843e+01
2.234065000000000012e+01
2.272972999999999999e+01
2.310632999999999981e+01
2.347099000000000046e+01
2.382425999999999888e+01
2.416663000000000139e+01
2.449857000000000085e+01
2.482054000000000116e+01
2.513295000000000101e+01
2.543621999999999872e+01
2.573070999999999842e+01
2.601678000000000068e+01
2.629478999999999900e+01
2.656504999999999939e+01
2.682787000000000077e+01
2.708354999999999890e+01
2.733236000000000132e+01
2.757456000000000174e+01
2.781042000000000058e+01
2.804015000000000057e+01
2.826399999999999935e+01
2.848218999999999923e+01
2.869490000000000052e+01
2.890236000000000161e+01
2.910472999999999999e+01
2.930220999999999876e+01
2.949495999999999896e+01
2.968314000000000163e+01
2.986692000000000036e+01
3.004644000000000048e+01
3.022184000000000026e+01
3.072468999999999895e+01
3.088494999999999990e+01
3.280696999999999974e+01
1.917901000000000167e+01
1.965381999999999962e+01
2.011259000000000086e+01
2.055604999999999905e+01
2.098489999999999966e+01
2.139980999999999867e+01
2.180141000000000062e+01
2.219029000000000096e+01
2.256700999999999979e+01
2.293209999999999837e+01
2.328605999999999909e+01
2.362938000000000116e+01
2.396248999999999896e+01
2.428583000000000069e+01
2.459978999999999871e+01
2.490476999999999919e+01
2.520111999999999952e+01
2.548920000000000030e+01
2.576933000000000007e+01
2.604182000000000130e+01
2.630696000000000012e+01
2.656504999999999939e+01
2.681634999999999991e+01
2.706110999999999933e+01
2.729956999999999923e+01
2.753198000000000079e+01
2.775853999999999999e+01
2.797946999999999917e+01
2.819498000000000104e+01
2.840524999999999878e+01
2.861045999999999978e+01
2.881079000000000079e+01
2.900641999999999854e+01
2.919748999999999839e+01
2.938416000000000139e+01
3.008969000000000094e+01
1.867670000000000030e+01
1.914814000000000149e+01
1.960408999999999935e+01
2.004524999999999935e+01
2.047228000000000137e+01
2.088579999999999970e+01
2.128641000000000005e+01
2.167464999999999975e+01
2.205105999999999966e+01
2.241614999999999824e+01
2.277037999999999940e+01
2.311420999999999992e+01
2.344806000000000168e+01
2.377234999999999943e+01
2.408745000000000047e+01
2.439374000000000109e+01
2.469155999999999906e+01
2.498123999999999967e+01
2.526310000000000144e+01
2.553743000000000052e+01
2.580452999999999975e+01
2.606465999999999994e+01
2.631809000000000154e+01
2.656504999999999939e+01
2.680578999999999823e+01
2.704052000000000078e+01
2.726946999999999832e+01
2.749284000000000106e+01
2.771080999999999861e+01
2.792359000000000080e+01
2.813134000000000157e+01
2.833424000000000120e+01
2.853245000000000076e+01
1.819916999999999874e+01
1.866691000000000145e+01
1.911973000000000056e+01
1.955825000000000102e+01
1.998310999999999993e+01
2.039488000000000056e+01
2.079410999999999987e+01
2.118134999999999835e+01
2.155707999999999913e+01
2.192177999999999827e+01
2.227590000000000003e+01
2.261985999999999919e+01
2.295409000000000077e+01
2.327894999999999825e+01
2.359481999999999857e+01
2.390204999999999913e+01
2.420097000000000165e+01
2.449190000000000111e+01
2.477514000000000038e+01
2.505097999999999914e+01
2.531969000000000136e+01
2.558153000000000077e+01
2.583674999999999855e+01
2.608559999999999945e+01
2.632828999999999908e+01
2.656504999999999939e+01
2.679607999999999990e+01
2.702158000000000015e+01
2.724174000000000007e+01
2.745673999999999992e+01
2.766676000000000002e+01
1.774466999999999928e+01
1.820848000000000155e+01
1.865788999999999831e+01
1.909348999999999918e+01
1.951586999999999961e+01
1.992558000000000007e+01
2.032313999999999865e+01
2.070904000000000167e+01
2.108374999999999844e+01
2.144773999999999958e+01
2.180141000000000062e+01
2.214517999999999986e+01
2.247943000000000069e+01
2.280453999999999937e+01
2.312085000000000079e+01
2.342868999999999957e+01
2.372839000000000098e+01
2.402025000000000077e+01
2.430454999999999899e+01
2.458156999999999925e+01
2.485159000000000162e+01
2.511483000000000132e+01
2.537155999999999878e+01
2.562199999999999989e+01
2.586636000000000024e+01
2.610484999999999900e+01
2.633768999999999849e+01
2.656504999999999939e+01
2.678713000000000122e+01
2.700409000000000148e+01
2.721611000000000047e+01
1.731165000000000020e+01
1.777131999999999934e+01
1.821709999999999852e+01
1.864953999999999823e+01
1.906918999999999897e+01
1.947657999999999845e+01
1.987218000000000018e+01
2.025646000000000058e+01
2.062988000000000000e+01
2.099285000000000068e+01
2.134579000000000093e+01
2.168906000000000134e+01
2.202306000000000097e+01
2.234810999999999837e+01
2.266456000000000159e+01
2.297271999999999892e+01
2.327289999999999992e+01
2.356540000000000035e+01
2.385047000000000139e+01
2.412839999999999918e+01
2.439943999999999846e+01
2.466381000000000157e+01
2.492176999999999865e+01
2.517351999999999990e+01
2.541929000000000016e+01
2.565925999999999974e+01
2.589365000000000094e+01
2.612262000000000128e+01
2.634637000000000029e+01
2.677883999999999887e+01
1.689864999999999995e+01
1.735401999999999845e+01
1.779598999999999975e+01
1.822507999999999839e+01
1.864179000000000030e+01
1.904662000000000077e+01
1.944003000000000014e+01
1.982245999999999952e+01
2.019433000000000078e+01
2.055604999999999905e+01
2.090797999999999845e+01
2.125050999999999846e+01
2.158397000000000077e+01
2.190869999999999962e+01
2.222503000000000029e+01
2.253324999999999889e+01
2.283364999999999867e+01
2.312651999999999930e+01
2.341210999999999842e+01
2.369069000000000003e+01
2.396248999999999896e+01
2.422775000000000034e+01
2.448667999999999978e+01
2.473950999999999922e+01
2.498642999999999859e+01
2.522765000000000057e+01
2.546334999999999837e+01
1.456028000000000056e+01
1.506849000000000061e+01
1.556151000000000018e+01
1.603994000000000142e+01
1.650435999999999837e+01
1.695531000000000077e+01
1.739331999999999923e+01
1.781888999999999967e+01
1.823248999999999853e+01
1.863457999999999970e+01
1.902561000000000035e+01
1.940596999999999994e+01
1.977608000000000033e+01
2.013629999999999853e+01
2.048701000000000150e+01
2.082855999999999952e+01
2.116125999999999863e+01
2.148544000000000054e+01
2.180141000000000062e+01
2.210944999999999894e+01
2.240983999999999909e+01
2.270283999999999835e+01
2.298872000000000071e+01
2.326770000000000138e+01
2.354004000000000119e+01
2.380593999999999966e+01
2.406562999999999874e+01
2.431931000000000154e+01
2.456717000000000084e+01
2.480940999999999974e+01
2.550413999999999959e+01
1.369004999999999939e+01
1.420677000000000056e+01
1.470829999999999949e+01
1.519524999999999970e+01
1.566816000000000031e+01
1.612757999999999825e+01
1.657401000000000124e+01
1.700795000000000101e+01
1.742986000000000146e+01
1.784019999999999939e+01
1.823939999999999984e+01
1.862785999999999831e+01
1.900598000000000098e+01
1.937414000000000058e+01
1.973269000000000162e+01
2.008198000000000150e+01
2.042232999999999876e+01
2.075406999999999869e+01
2.107749000000000095e+01
2.139289000000000129e+01
2.170054000000000016e+01
2.200069999999999837e+01
2.229363000000000028e+01
2.257957000000000036e+01
2.285876000000000019e+01
2.313141999999999854e+01
2.339776000000000167e+01
2.365800000000000125e+01
2.391232000000000113e+01
2.416092000000000084e+01
1.386969000000000030e+01
1.436458000000000013e+01
1.484544999999999959e+01
1.531282000000000032e+01
1.576717999999999975e+01
1.620901999999999887e+01
1.663880999999999943e+01
1.705696999999999974e+01
1.746393000000000129e+01
1.786008999999999958e+01
1.824585000000000079e+01
1.862158000000000158e+01
1.898761999999999972e+01
1.934432999999999936e+01
1.969201999999999941e+01
2.003100999999999843e+01
2.036159999999999926e+01
2.068408000000000158e+01
2.099871999999999872e+01
2.130577999999999861e+01
2.160553000000000168e+01
2.189818999999999960e+01
2.218401000000000067e+01
2.246321000000000012e+01
2.273600000000000065e+01
2.300260000000000105e+01
2.326319000000000159e+01
2.351795999999999864e+01
2.376710999999999885e+01
1.354794000000000054e+01
1.403623999999999938e+01
1.451106000000000051e+01
1.497287999999999997e+01
1.542215999999999987e+01
1.585937000000000019e+01
1.628491999999999962e+01
1.669923999999999964e+01
1.710273000000000110e+01
1.749576000000000064e+01
1.787869999999999848e+01
1.825189999999999912e+01
1.861569000000000074e+01
1.897041000000000111e+01
1.931634999999999991e+01
1.965381999999999962e+01
1.998310999999999993e+01
2.030446999999999846e+01
2.061818999999999846e+01
2.092449999999999832e+01
2.122365999999999886e+01
2.151587999999999923e+01
2.180141000000000062e+01
2.208044999999999902e+01
2.235320000000000107e+01
2.261985999999999919e+01
2.288063999999999965e+01
1.324052000000000007e+01
1.372230000000000061e+01
1.419110000000000049e+01
1.464738000000000007e+01
1.509157000000000082e+01
1.552411000000000030e+01
1.594539999999999935e+01
1.635582000000000136e+01
1.675574999999999903e+01
1.714555000000000007e+01
1.752556999999999832e+01
1.789612999999999943e+01
1.825756000000000157e+01
1.861016000000000048e+01
1.895422999999999902e+01
1.929005000000000081e+01
1.961787999999999954e+01
1.993798999999999921e+01
2.025063000000000102e+01
2.055604999999999905e+01
2.085445999999999955e+01
2.114609000000000094e+01
2.143117000000000161e+01
2.170987999999999829e+01
2.198244000000000042e+01
2.224902000000000157e+01
2.276501000000000019e+01
1.342183999999999955e+01
1.388466999999999985e+01
1.433544000000000018e+01
1.477454999999999963e+01
1.520241000000000042e+01
1.561938999999999922e+01
1.602587000000000117e+01
1.642219000000000051e+01
1.680868999999999858e+01
1.718571000000000026e+01
1.755354000000000170e+01
1.791251000000000104e+01
1.826288999999999874e+01
1.860497000000000156e+01
1.893900000000000006e+01
1.926526000000000138e+01
1.958399000000000001e+01
1.989543000000000106e+01
2.019980999999999938e+01
2.049734000000000123e+01
2.078825000000000145e+01
2.107272999999999996e+01
2.135097999999999985e+01
2.162320000000000064e+01
2.188955999999999946e+01
1.359094999999999942e+01
1.403623999999999938e+01
1.447029000000000032e+01
1.489347000000000065e+01
1.530613999999999919e+01
1.570864000000000082e+01
1.610129999999999839e+01
1.648444999999999894e+01
1.685839999999999961e+01
1.722344000000000008e+01
1.757985000000000042e+01
1.792792000000000030e+01
1.826791000000000054e+01
1.860006999999999877e+01
1.892464000000000013e+01
1.924187999999999832e+01
1.955199999999999960e+01
1.985520999999999958e+01
2.015174999999999983e+01
2.044180000000000064e+01
2.072556000000000154e+01
2.100321999999999889e+01
2.127496999999999971e+01
1.374905000000000044e+01
1.417806000000000033e+01
1.459657999999999944e+01
1.500492000000000026e+01
1.540342000000000056e+01
1.579240000000000066e+01
1.617216000000000165e+01
1.654298000000000002e+01
1.690515999999999863e+01
1.725894999999999868e+01
1.760463000000000022e+01
1.794245000000000090e+01
1.827263999999999911e+01
1.859543999999999997e+01
1.891107999999999834e+01
1.921977000000000046e+01
1.952173000000000158e+01
1.981715000000000160e+01
2.010623000000000005e+01
2.038916000000000039e+01
2.066611999999999938e+01
2.093729000000000084e+01
1.347316000000000003e+01
1.389718000000000053e+01
1.431104000000000021e+01
1.471507000000000076e+01
1.510957999999999934e+01
1.549484999999999957e+01
1.587118000000000073e+01
1.623883999999999972e+01
1.659809999999999874e+01
1.694922000000000040e+01
1.729244999999999877e+01
1.762801999999999936e+01
1.795617000000000019e+01
1.827711000000000041e+01
1.859106999999999843e+01
1.889825000000000088e+01
1.919885000000000019e+01
1.949305999999999983e+01
1.978107999999999933e+01
2.006306999999999974e+01
2.033922000000000097e+01
1.277872999999999948e+01
1.320792999999999928e+01
1.362698999999999927e+01
1.403623999999999938e+01
1.443596999999999930e+01
1.482648000000000010e+01
1.520804000000000045e+01
1.558092000000000077e+01
1.594539999999999935e+01
1.630170999999999992e+01
1.665011000000000152e+01
1.699081999999999937e+01
1.732409000000000177e+01
1.765012000000000114e+01
1.796913999999999945e+01
1.828134000000000015e+01
1.858692999999999884e+01
1.888608999999999938e+01
1.917901000000000167e+01
1.946586999999999890e+01
1.974683999999999884e+01
1.252881000000000000e+01
1.295275999999999961e+01
1.336692999999999998e+01
1.377159999999999940e+01
1.416705999999999932e+01
1.455357000000000056e+01
1.493141999999999925e+01
1.530085000000000051e+01
1.566211000000000020e+01
1.601544000000000167e+01
1.636108000000000118e+01
1.669923999999999964e+01
1.703015999999999863e+01
1.735401999999999845e+01
1.767105000000000103e+01
1.798142999999999958e+01
1.828535000000000110e+01
1.858299999999999841e+01
1.944003000000000014e+01
1.311644000000000077e+01
1.351656999999999975e+01
1.390778000000000070e+01
1.429033000000000087e+01
1.466446000000000005e+01
1.503043000000000085e+01
1.538846999999999987e+01
1.573879999999999946e+01
1.608164999999999978e+01
1.641722999999999999e+01
1.674575000000000102e+01
1.706739999999999924e+01
1.738239000000000090e+01
1.769088999999999956e+01
1.799308999999999870e+01
1.828915999999999897e+01
1.327064000000000021e+01
1.365764000000000067e+01
1.403623999999999938e+01
1.440668999999999933e+01
1.476919999999999966e+01
1.512401000000000018e+01
1.547133000000000003e+01
1.581137000000000015e+01
1.614433999999999969e+01
1.647043000000000035e+01
1.678982999999999848e+01
1.710273000000000110e+01
1.740930000000000177e+01
1.770972000000000079e+01
1.800415999999999883e+01
1.341618000000000066e+01
1.379086999999999996e+01
1.415762999999999927e+01
1.451670000000000016e+01
1.486828000000000038e+01
1.521258000000000088e+01
1.554979999999999940e+01
1.588014000000000081e+01
1.620376999999999867e+01
1.652089000000000141e+01
1.683166999999999902e+01
1.713626999999999967e+01
1.743487000000000009e+01
1.391688000000000081e+01
1.427251000000000047e+01
1.462087000000000003e+01
1.496216000000000079e+01
1.529654999999999987e+01
1.562423000000000073e+01
1.594539999999999935e+01
1.626020000000000110e+01
1.656882999999999839e+01
1.687143000000000015e+01
1.332452999999999932e+01
1.368402000000000029e+01
1.403623999999999938e+01
1.438138999999999967e+01
1.471965999999999930e+01
1.505122000000000071e+01
1.537625000000000064e+01
1.569491999999999976e+01
1.600740000000000052e+01
1.631384999999999863e+01
1.661441999999999908e+01
1.690926999999999936e+01
1.380752000000000024e+01
1.414948000000000050e+01
1.448473000000000077e+01
1.481345999999999918e+01
1.513583999999999996e+01
1.545200999999999958e+01
1.576215000000000011e+01
1.606640000000000157e+01
1.636492000000000147e+01
1.392477000000000054e+01
1.425703999999999994e+01
1.458294000000000068e+01
1.490264999999999951e+01
1.521632999999999925e+01
1.612259999999999849e+01
1.435933999999999955e+01
1.467638999999999960e+01
