-1.474908434111496192e+00
-8.667286511125205095e-02
1.952914369517362303e-01
-6.948252546376192385e-01
-4.828234541005098635e-01
4.300364625865018553e-01
-4.204922544545137697e-01
2.871274125987088865e-01
-3.484173643177950197e-01
6.473139894419706053e-01
-8.134880888050997072e-01
9.407130603132607405e-02
-4.579907285756075197e-01
7.176379335337674803e-01
1.087493074351346678e-01
7.939280641490018553e-01
-1.247266851622482520e+00
-7.653189527577364260e-01
-6.048928129261934572e-01
-5.145264494008028322e-01
6.042718065196073240e-01
1.399922288697341699e+00
1.620265878480056543e+00
3.316010606699979490e-01
-1.515236723011934572e-01
6.141337526255643553e-01
3.188914430552518553e-01
-3.402815687245333010e-01
2.401866090708768553e-01
-6.799841749257051760e-01
-1.317603193480392676e+00
-6.071671124162314470e-02
2.401538766663650293e+00
8.758677614146268553e-01
2.113759912293533105e+00
5.469979417735135740e-01
1.603592790406326074e+00
2.014277375977615137e+00
