-1.857129882220927841e-01
-8.614720702612900238e-01
-2.553529392127696918e-01
-6.200807231609526404e-01
8.865688240086001815e-02
-4.079592352553709222e-01
-7.211533373973770811e-01
3.009055550451042449e-02
3.162052208737031744e-01
-9.316813826009670563e-02
-2.775261219411595537e-01
3.176533616637683410e-01
-5.669773705745243531e-01
-7.788456608300445283e-02
1.633069129840032385e-01
5.241314445491130902e-01
-1.636545149430139456e-01
4.515369689017167953e-03
-3.241349359794958307e-01
-2.216939206366244919e-01
2.820375424678620013e-01
2.279267137971889290e-01
4.538293405925727386e-01
5.843726148542509602e-01
1.401773214891516295e-02
1.171224705830762325e+00
4.015093004256120590e-03
2.979344700331982287e-01
2.968529015337920685e-01
4.973311274802184601e-01
-1.358150840247177860e-01
8.022362982784671248e-02
3.448289644773300799e-01
6.461567530878846721e-01
5.881685514803226544e-01
1.087681223904639172e+00
1.041554675082911663e+00
1.303330056325147090e+00
