-1.498209476470947266e+00
-2.026810646057128906e-01
-2.071709632873535156e-01
-7.293801307678222656e-01
-9.541029930114746094e-01
2.990145683288574219e-01
-8.296442031860351562e-02
2.076516151428222656e-01
-1.857810020446777344e-01
3.789610862731933594e-01
-8.748536109924316406e-01
5.034012794494628906e-01
-5.883183479309082031e-01
2.181200981140136719e-01
-1.701436042785644531e-01
1.117326259613037109e+00
-5.900359153747558594e-01
-1.749765396118164062e+00
7.294130325317382812e-02
-3.849978446960449219e-01
6.959300041198730469e-01
1.176304340362548828e+00
1.592974185943603516e+00
1.278799533843994141e+00
9.501934051513671875e-03
1.185552120208740234e+00
4.754972457885742188e-02
-3.737730979919433594e-01
-1.918501853942871094e-01
-8.717923164367675781e-01
-6.990504264831542969e-01
6.633057594299316406e-01
2.488556385040283203e+00
1.081320285797119141e+00
2.364656925201416016e+00
1.094367504119873047e+00
8.609547615051269531e-01
2.342773914337158203e+00
