-1.740981792581486332e-01
-1.021835064065861332e-01
-1.007491802347111332e-01
-2.246982311380314457e-01
-1.418048595560001957e-01
8.539278753872636685e-02
-1.146766399515080082e-01
-5.000416985873457065e-02
-3.277943052093945653e-03
-3.629986993197675815e-02
-1.825572704446720707e-01
-1.367484783304142582e-01
-7.833020440463300815e-02
-3.784863702182050815e-02
-5.574338189486738315e-02
1.858356738912654293e-01
9.441073187466386685e-02
-6.880872002963300815e-02
7.450893007476366847e-03
1.133926654684138668e-01
6.894572027798417935e-02
1.824825549947810543e-01
1.545074725973201168e-01
1.552837634908748043e-01
1.442440296041560543e-01
1.945955999966386685e-02
7.679636725064042935e-02
1.261528278219294918e-01
9.347422369595292935e-02
2.893145331021074185e-02
1.592644000875544918e-01
1.829117084371638668e-01
2.868393207418513668e-01
4.272888446676326168e-01
3.251426959859919918e-01
2.732265735494685543e-01
2.107246662008357418e-01
2.446773792135310543e-01
