-3.764890596784393750e-01
-2.463191912092010938e-01
-7.104505752695011722e-02
-1.105793878949921094e-01
-3.505890533841888868e-01
-3.311867878354828321e-01
-1.648808882154266797e-01
-3.359534000528263675e-02
3.424378469072539843e-01
2.844796920644832028e-02
-2.443884775556366407e-01
1.063526704393584765e-01
-2.638258194101261722e-02
2.248307302080352343e-01
-3.347097799695770703e-01
-2.583151028074066602e-01
-1.314524576581757032e-01
-1.069263384259979688e-01
-8.835212937716718784e-03
6.921480441915583981e-02
-5.745984768045353519e-02
4.287384296285701168e-02
3.126469686113555468e-01
1.713472440324981250e-01
7.185695911275935543e-02
7.076842620454986132e-01
2.362617089830596484e-01
2.171827390276153125e-01
3.220168187700469531e-01
6.361379458986480273e-01
6.363367869936187304e-01
4.196748569093902148e-01
3.256431653581817187e-01
5.687589480959136523e-01
8.853130176149566211e-01
6.242937877260406054e-01
4.765788152300078906e-01
7.303118541322906054e-01
