-4.661785368861135481e-01
2.033098881700263760e-01
5.511834746462440648e-03
-3.498652979474639046e-01
-1.906741266192373274e-01
1.037418539582315447e-01
-1.080931529145816583e-01
6.417196941958103196e-02
-9.950123277717626280e-02
1.252190863349662564e-01
-4.924151231588300703e-01
2.738387828328834317e-01
-2.837785636128362654e-01
2.730254285123212554e-02
3.562410270431266568e-01
4.868564004956308366e-01
-2.412716651699318149e-01
-7.018192315838116535e-01
-9.553967960093157075e-02
9.950643730745944993e-02
3.399560893832269670e-01
9.376983141162620328e-01
8.183033163605752947e-01
6.779521202304588101e-01
-5.990980115943944639e-02
4.177788422368600152e-03
-5.525748423975085366e-01
-4.515430832645672687e-01
-4.306231145800527571e-01
-3.697319432836150277e-01
-1.013652324837086116e+00
-1.327494362733139255e-01
1.064480155235392189e+00
7.808888053157554410e-01
1.571944425032399728e+00
8.668108975150810025e-01
1.371550758208694099e+00
1.582267721023025153e+00
