-6.606333019806007734e-01
9.117897910403152117e-01
7.525508888092578008e-01
3.128901359962363293e-01
3.437787900015110143e-02
-5.580541988187095459e-01
-3.959948979291380011e-01
-5.822247527512968146e-01
6.404678473896721069e-01
3.179177405960301184e-01
5.080979329871078143e-01
-1.312971897396505438e-01
2.528369799523944028e-02
9.480583077944257919e-01
1.284352329896826794e-01
-6.038857636325618561e-01
-8.647731554978153046e-01
-6.870400973879358109e-01
2.728779274065731841e-01
2.687079173849959424e-01
-1.176923190527221497e-01
-7.192399588697215851e-01
-3.567430600497186743e-01
3.373986136853135420e-04
2.690971298170029002e-01
3.792477025832424187e-01
1.746148417420128607e-01
-1.184125927560588654e-01
-1.487610836797019775e-01
-1.035510295354387100e-01
3.167917802956639606e-01
3.404388083171783763e-01
-1.663514909377306061e-02
1.065061998890776684e-01
6.091114108399862115e-01
4.108726953493495038e-01
1.475168261703788120e-01
-1.096237090699931915e-01
