-6.364627213313660548e-01
-2.168364200098761074e+00
-9.957561821773133204e-01
-1.394188436968573086e+00
4.351982741520323827e-01
-7.005942196681580469e-01
-2.033765706522711270e+00
-6.590512703204964851e-02
1.461988893048516758e+00
-1.114475521548040859e+00
-2.455208630397400782e-01
1.257402863995782383e+00
-7.669723362758240626e-01
-8.323641152217469141e-01
3.963856368229308202e-01
8.393921523258605077e-01
-6.459803910091004298e-01
6.978902487919249609e-01
-8.576500744655213282e-01
-7.407009930446228907e-01
9.574923186466612890e-01
-1.512578438068246101e-02
9.527063040897765234e-01
1.870616879956475742e+00
-2.771380276515564844e-01
3.176549878613702305e+00
1.054989962742247656e-01
9.415669112369933202e-01
3.982753424808898046e-01
1.034817185895196445e+00
-5.553994507625183985e-01
-1.164019436671814844e-01
5.139073996708312109e-01
1.467942204968682773e+00
5.964321761295714452e-01
1.660896268384210117e+00
1.863225427167169101e+00
2.827970471875421055e+00
