-1.591338069959604695e-01
-4.316875852387624946e-02
-1.683852425937004682e-01
-2.105540187879526570e-01
-1.675644468987123048e-01
-1.820220070323586015e-02
-2.924177564423757758e-02
-9.650760409475722668e-02
2.212628550914530479e-03
-2.169996020437636730e-02
-1.298850925489389851e-01
-8.364412702363210883e-02
-4.468446490408339855e-02
1.845115902780136707e-02
-6.343926506480812577e-02
1.010787733669928912e-01
1.974636165575063274e-01
-2.370935198904433605e-02
-5.343968840850976676e-03
8.925003292916855457e-02
8.261802278715890679e-02
1.146441547349965617e-01
8.515845222034812423e-02
1.342693416551625774e-01
1.164793420111998046e-01
4.592444978911203179e-02
2.892916229949804574e-03
1.200071422533071086e-01
1.547140527045591796e-01
3.958029034494003895e-02
1.006787069912604693e-01
1.237625527655943358e-01
2.050361085212095702e-01
3.282816656704596880e-01
3.515314507758482421e-01
2.903193879401548827e-01
2.181505608832701171e-01
2.601278074856452349e-01
