-2.209219439276317587e-01
-9.972710445009269620e-02
-1.677355273016551962e-01
-2.321142657049755087e-01
-1.728910906561473837e-01
4.448752567686042880e-02
-1.026453478582958212e-01
-7.107109859071769620e-02
2.117400333799324130e-02
-7.375190997944258697e-03
-1.995691759832958212e-01
-1.513246996649364462e-01
-6.736702754579582120e-02
-4.311989093647383697e-03
-4.815239741884269620e-02
1.307111279717823038e-01
1.959062115899463663e-01
-7.674355342470207120e-02
1.968817875303230380e-02
1.047177808038135538e-01
6.426863834775886630e-02
1.651349560967823038e-01
1.253610150567432413e-01
1.958432690850635538e-01
1.415925519219776163e-01
3.746848270811042880e-02
8.239607975400886630e-02
1.765714184991260538e-01
1.166291730157276163e-01
6.687598392881355380e-02
1.674275891534229288e-01
1.999516980401416788e-01
2.997365491143604288e-01
3.650250928155323038e-01
3.448339001885791788e-01
3.145432965508838663e-01
1.623654858819385538e-01
3.044991986504932413e-01
