-5.339970670897384863e-01
2.085291377429304482e+00
1.365307799701032998e+00
1.106053820971784951e+00
1.331932536486921670e+00
-4.834282480437179785e-01
2.292056001465896387e-01
-1.234368809338273643e+00
8.743438638489822168e-01
9.182147897523025293e-01
9.987039483826736230e-01
-7.792139875477754885e-02
4.321827806275466699e-01
1.868411055926618936e+00
1.454893103961286904e+00
-1.658471592541398643e+00
-8.638002954680343848e-01
-1.482525356884660361e+00
1.778457082551101465e-01
1.687643445771316308e-01
-2.283032022673507910e-01
-1.737125404949845908e+00
-1.496005066509904502e+00
-6.519916139799972754e-01
-4.765925489622970801e-01
9.789585245066678709e-02
3.414170659821609277e-01
-1.218919523831071494e+00
-1.307013519879045127e+00
-9.056437097746750098e-01
-5.468359075743576270e-01
-7.460174642760177832e-01
-1.161439903851213096e+00
-1.256441839810075400e+00
-9.091568075377365332e-01
-1.563675485808273535e-01
-1.331257828350724814e+00
-1.234575518246354697e+00
