-4.492272837408659569e-01
-3.171523316153166405e-01
-1.203851206549284569e-01
-1.446877224691984765e-01
-3.074275954016325585e-01
-1.953123314627287499e-01
-8.684475257478929677e-02
-1.350293858297941796e-01
3.709097401849152931e-01
1.125579373589875587e-01
-2.171376450308439843e-01
1.259973542443635353e-01
-5.895824267946458974e-02
1.749365823022248634e-01
-2.440618975409147851e-01
-1.140561802633879296e-01
1.129965946592115245e-02
-1.233282788046476952e-01
6.738202325227149458e-04
-1.662721140631315819e-01
-1.231021716676927724e-02
3.431158230222486338e-02
9.444313213742994151e-02
2.593439118615510353e-01
2.783637211240552745e-02
7.182167069665315040e-01
2.292519109002473243e-01
2.559390561334016212e-01
2.764733330956818946e-01
5.747316376916291603e-01
6.291161076775910743e-01
5.146513478509309181e-01
5.130689637414338478e-01
6.208544270745637306e-01
8.017571465722443946e-01
8.585141198388459571e-01
6.282341973534943946e-01
8.880837456933381446e-01
