-4.319237244540246046e-01
-2.567025936883071235e+00
-3.756369126254113233e-01
-1.273129917424300483e+00
2.999826895779578173e-01
-1.461408711712935737e+00
-2.297183729451278023e+00
2.008768546170203173e-01
1.017397068697830864e+00
-2.940147889071496046e-01
-1.341644741337874702e+00
9.483152854031531298e-01
-1.302224017422774605e+00
-2.911005143461542488e-02
4.834174143856970751e-01
1.385243557650467583e+00
-9.946890843325646436e-01
5.679446684903113329e-01
-4.431682599001915968e-01
-3.478172791415246046e-01
7.694016921109168017e-01
-4.505387318545372999e-01
1.020299099642655083e+00
1.581493996340653130e+00
1.793374891938848137e-02
3.061003349978348442e+00
-1.496795189791710889e-01
5.676952826565710986e-01
1.838190697390457817e+00
1.311185501772782036e+00
-7.040589821749718702e-01
-2.096773159915001905e-01
6.280223357266394579e-01
7.979537474698035204e-01
6.389433371609656298e-01
1.312893532473465630e+00
2.528425358492752739e+00
2.829512737948319145e+00
