7.212500000000000355e+00
7.816250000000000142e+00
7.210625000000000284e+00
7.385625000000000107e+00
7.573125000000000107e+00
7.060624999999999929e+00
6.933749999999999858e+00
7.507500000000000284e+00
7.451875000000000249e+00
7.468750000000000000e+00
7.016874999999999751e+00
6.238125000000000142e+00
6.559375000000000178e+00
7.512500000000000178e+00
6.488125000000000142e+00
7.203125000000000000e+00
6.155624999999999680e+00
7.843124999999999680e+00
6.560624999999999929e+00
6.400624999999999787e+00
6.183749999999999858e+00
6.171875000000000000e+00
6.719999999999999751e+00
5.920625000000000249e+00
6.146250000000000213e+00
5.894375000000000142e+00
5.585625000000000284e+00
5.919374999999999609e+00
4.359375000000000000e+00
4.741875000000000284e+00
5.339999999999999858e+00
4.940000000000000391e+00
4.650000000000000355e+00
3.707500000000000018e+00
5.346874999999999822e+00
5.295625000000000249e+00
4.670625000000000249e+00
4.752500000000000391e+00
4.884999999999999787e+00
