2.899375000000000036e+00
2.375624999999999876e+00
2.123124999999999929e+00
1.564999999999999947e+00
2.875624999999999876e+00
1.848749999999999893e+00
2.426250000000000018e+00
2.438124999999999876e+00
3.606250000000000178e+00
1.866249999999999964e+00
1.233749999999999902e+00
2.145000000000000018e+00
1.060000000000000053e+00
1.913124999999999964e+00
1.688125000000000098e+00
1.718124999999999902e+00
1.958749999999999991e+00
2.099375000000000213e+00
1.828125000000000000e+00
1.028750000000000053e+00
1.934374999999999956e+00
1.309374999999999956e+00
1.117499999999999938e+00
1.415000000000000036e+00
1.076249999999999929e+00
1.934374999999999956e+00
2.369374999999999787e+00
1.183124999999999982e+00
1.309374999999999956e+00
4.312500000000000222e-01
7.843750000000000444e-01
1.149375000000000036e+00
7.262499999999999512e-01
4.149999999999999800e-01
9.312500000000000222e-01
1.038750000000000062e+00
1.258124999999999938e+00
2.862500000000000044e-01
5.875000000000000222e-01
9.381249999999999867e-01
7.018750000000000266e-01
