5.701249999999999929e+00
5.995000000000000107e+00
5.625000000000000000e+00
5.754374999999999574e+00
5.783750000000000391e+00
5.248750000000000249e+00
5.333750000000000213e+00
5.896874999999999645e+00
5.778749999999999609e+00
5.705000000000000071e+00
5.363749999999999574e+00
4.836249999999999716e+00
5.046875000000000000e+00
5.968124999999999680e+00
4.879374999999999574e+00
5.626875000000000071e+00
4.714999999999999858e+00
5.974375000000000213e+00
5.309375000000000178e+00
4.613125000000000142e+00
4.318125000000000213e+00
4.709999999999999964e+00
4.914374999999999716e+00
4.205000000000000071e+00
4.302500000000000213e+00
4.730624999999999858e+00
4.229375000000000107e+00
4.193125000000000213e+00
2.995624999999999982e+00
3.288749999999999840e+00
3.718125000000000124e+00
3.163749999999999840e+00
3.127499999999999947e+00
2.276874999999999982e+00
3.810000000000000053e+00
3.698125000000000107e+00
3.378124999999999822e+00
2.578749999999999876e+00
3.505625000000000213e+00
