6.578125000000000000e+00
7.192499999999999893e+00
6.575000000000000178e+00
6.750625000000000320e+00
6.875625000000000320e+00
6.221250000000000391e+00
6.254374999999999574e+00
6.893125000000000391e+00
6.844375000000000320e+00
6.855000000000000426e+00
6.436250000000000249e+00
5.673750000000000071e+00
5.926874999999999893e+00
6.915625000000000355e+00
5.866875000000000284e+00
6.630625000000000213e+00
5.635625000000000107e+00
7.106874999999999609e+00
6.120625000000000426e+00
5.813749999999999751e+00
5.348749999999999893e+00
5.654374999999999929e+00
6.195624999999999716e+00
5.316250000000000142e+00
5.597500000000000142e+00
5.496249999999999858e+00
5.089999999999999858e+00
5.315000000000000391e+00
3.823125000000000107e+00
4.236250000000000071e+00
4.801874999999999893e+00
4.333750000000000213e+00
4.133750000000000036e+00
3.253124999999999822e+00
4.833750000000000213e+00
4.742499999999999716e+00
4.133750000000000036e+00
4.039374999999999716e+00
4.403749999999999609e+00
4.304375000000000284e+00
3.995624999999999982e+00
