5.136874999999999858e+00
5.234375000000000000e+00
4.916875000000000107e+00
4.612499999999999822e+00
5.044999999999999929e+00
4.413124999999999964e+00
4.723749999999999893e+00
5.150000000000000355e+00
5.066250000000000142e+00
4.674999999999999822e+00
3.875624999999999876e+00
4.152499999999999858e+00
3.687500000000000000e+00
4.575624999999999609e+00
3.881874999999999964e+00
4.273125000000000284e+00
3.998749999999999805e+00
5.026875000000000426e+00
4.440000000000000391e+00
2.861874999999999947e+00
3.796875000000000000e+00
3.794375000000000053e+00
3.750000000000000000e+00
3.303749999999999964e+00
2.843125000000000124e+00
3.964999999999999858e+00
3.664375000000000160e+00
3.520624999999999893e+00
2.245000000000000107e+00
2.368749999999999911e+00
2.769375000000000142e+00
1.903124999999999956e+00
2.356250000000000178e+00
1.653750000000000053e+00
2.907500000000000195e+00
2.698749999999999982e+00
2.680625000000000036e+00
1.394374999999999920e+00
1.968124999999999902e+00
2.180625000000000036e+00
2.526250000000000107e+00
