-0.55

-0.40

-0.41

-0.46

-0.42

-0.42

-0.54

-0.65

-0.59

-0.49

-0.56

-0.63

-0.72

-0.51

-0.61

-0.46

-0.42

-0.46

-0.40

-0.42

-0.46

-0.49

-0.42

-0.43

-0.50

-0.53

-0.53

-0.20

-0.10

-0.39

-0.41

-0.35

-0.37

-0.45

-0.57

-0.56

-0.55

-0.59

-0.45

-0.34

-0.60

-0.50

-0.57

-0.57

-0.54

-0.49

-0.35

-0.36

-0.55

-0.41

-0.32

-0.38

-0.52

-0.61

-0.67

-0.52

-0.43

-0.60

-0.65

-0.68

-0.64

-0.67

-0.58

-0.56

-0.38

-0.31

-0.54

-0.63

-0.49

-0.45

-0.43

-0.36

-0.46

-0.44

-0.45

-0.38

-0.26

-0.37

-0.36

-0.52

-0.31

-0.26

-0.31

-0.46

-0.31

-0.36

-0.32

-0.19

-0.18

-0.20

-0.10

-0.07

-0.14

-0.11

0.01

-0.12

-0.23

-0.19

-0.25

-0.27

-0.36

-0.21

-0.14

-0.08

-0.29

-0.33

-0.39

-0.15

-0.11

-0.15

-0.20

-0.12

-0.15

-0.11

-0.38

-0.29

-0.23

-0.21

-0.25

-0.11

-0.17

-0.30

-0.20

-0.07

-0.31

-0.25

-0.34

-0.06

-0.16

-0.06

0.02

0.07

-0.11

0.07

-0.10

-0.12

-0.06

0.08

0.12

0.02

0.19

0.16

-0.01

0.02

0.08

0.21

0.09

0.26

0.40

0.18

0.18

0.32

0.39

0.39

0.32

0.45

0.40

0.40

0.29

0.41

0.48

0.35

0.38

0.42

0.49

0.64

0.73

0.62

# 
#  File contains annual global surface temperatures
#  for *average* of hadcrut4, NASA, NOAA, BEST, and C&W

